140.8265821
140.8276916
140.8296301
140.8295545
140.8312785
140.8313745
140.8371913
140.8356418
140.8369509
140.8413029
140.8502584
140.8590123
140.8672673
140.8708670
140.8797829
140.8871733
140.9000782
140.9038849
140.9058909
140.9156538
140.9238951
140.9259845
140.9258317
140.9246001
140.9224447
140.9275254
140.9362962
140.9378939
140.9427946
140.9412330
140.9316786
140.9177782
140.8950691
140.8566101
140.8036646
140.7426175
140.6466478
140.5116427
140.3774377
140.2666154
140.1286438
139.9823861
139.8216520
139.6353044
139.4710879
139.2608648
139.1044425
138.9101926
138.6692022
138.5224749
138.3527999
138.1837713
138.0112930
137.8735666
137.7232712
137.5711881
137.4514467
137.3328963
137.2153931
137.1011700
136.9865134
136.9057614
136.8098794
136.6947224
136.6026685
136.5303378
136.4815600
136.4612106
136.4564570
136.4736387
136.4904988
136.5054606
136.5156763
136.5588778
136.5937557
136.6149448
136.6327881
136.6590875
136.6705709
136.6719754
136.5822198
136.6289287
136.6493674
136.6696335
136.6364599
136.7787960
136.8526770
136.7688553
136.8421925
136.8464361
136.8704987
136.8853528
136.8899755
136.8888112
136.9169304
136.9229650
136.9390681
136.9849507
136.9821664
136.9974222
137.0312657
137.0954563
137.1199716
137.1370930
137.1586875
137.1965499
137.2597003
137.3040435
137.3720735
137.4345027
137.5194058
137.5990348
137.6987384
137.7595019
137.8058112
137.8737725
137.9358064
138.0109049
138.1016178
138.1543645
138.2042012
138.2385426
138.2947873
138.3616226
138.4226209
138.4668198
138.5093483
138.5562512
138.6141726
138.6541774
138.7045329
138.7544800
138.7805918
138.7898946
138.7876134
138.7976695
138.7926650
138.7785287
138.7735175
138.7671311
138.7418032
138.6732996
138.6145870
138.5405350
138.4246822
138.2597814
138.0713384
137.8295991
137.4475911
137.2027445
136.7837145
136.5232454
136.0955127
135.7474246
135.3310456
134.8634031
134.2221401
133.7604753
133.1570788
132.5600520
132.0476732
131.4037156
130.7681733
130.0203769
129.4509249
128.7694783
128.0896072
127.3900087
126.4908239
125.8357086
125.0396988
124.2147478
123.4848814
122.7571912
121.8647321
121.1678613
120.2869805
119.4561850
118.5010341
117.8348180
117.1577756
116.5382917
115.9595249
115.3947055
114.7834042
114.1951700
113.7334835
113.0845930
112.4762834
112.0592435
111.6437474
111.2865782
110.9273182
110.6901854
110.5396822
110.3943802
110.2589289
110.1363080
110.0340073
109.9607613
109.9076982
109.8924358
109.8896066
109.8966642
109.9112676
109.9316319
109.9890959
110.0290367
110.0594350
110.0834922
110.1010677
110.1587257
110.2149879
110.2312579
110.2739235
110.3436150
110.3959452
110.4161552
110.4599061
110.5369909
110.5179803
110.5197320
110.5453134
110.6868414
110.7299085
110.8148403
110.8709859
110.8554934
110.8845147
110.9543090
111.0197689
111.0899751
111.1386654
111.1970333
111.2566419
111.3295155
111.4191592
111.4830581
111.5730652
111.6432953
111.7650201
111.8731836
111.9501468
112.0380703
112.1615691
112.2475775
112.3577560
112.4562741
112.5591612
112.6386548
112.7005379
112.7651244
112.8218759
112.8624235
112.8851767
112.8966751
112.9271323
112.9406323
112.9627820
112.9797653
112.9995611
113.0463668
113.0449925
113.0595865
113.0560390
113.0585519
113.0918774
113.1247707
113.1144158
113.1191988
113.1149666
113.1365762
113.1500357
113.1541783
113.1608000
113.1814977
113.1903704
113.1974471
113.2307628
113.2575301
113.2569500
113.2570976
113.2506333
113.2457999
113.2606536
113.2681153
113.2560797
113.2452943
113.2696119
113.3006210
113.3243857
113.3258447
113.3137880
113.3265303
113.3489323
113.3461506
113.3770349
113.3838583
113.4055197
113.4194518
113.4339554
113.4472159
113.4245739
113.4206315
113.4241809
113.4201773
113.4311525
113.3984444
113.3835442
113.3700680
113.3700094
113.3740189
113.3395391
113.2890604
113.2660818
113.2478271
113.2234523
113.2100708
113.1729452
113.1692803
113.1294132
113.0973980
113.0517121
113.0365874
113.0157190
112.9878255
112.9909831
112.9608371
112.9129988
112.9185896
112.8954956
112.8753596
112.8495786
112.8282375
112.7942230
112.7837851
112.7770272
112.7718773
112.7401276
112.6978603
112.6870902
112.6366854
112.6022739
112.5886690
112.5885981
112.5475669
112.5136098
112.5164168
112.5021484
112.4742241
112.4632017
112.4759929
112.4806969
112.4644312
112.4663328
112.4928279
112.4867099
112.5119661
112.5302459
112.5738137
112.6235012
112.6677461
112.6598401
112.6701658
112.7410348
112.7831446
112.8255185
112.8607644
113.0062365
113.1792035
113.4144427
113.6463725
113.8759934
114.1834533
114.4979560
115.0300815
115.6710089
116.4862092
117.4112452
118.0170025
118.8051504
119.6775036
120.7132411
121.7139547
122.6171990
123.8463961
125.1930231
126.5569000
128.1331606
129.4506372
130.8630274
132.3254159
133.7642966
135.4753317
137.0181796
138.5833264
140.0727935
141.9184669
143.8447489
145.6038329
147.5063153
149.3775159
151.7352367
153.9558378
156.0840521
158.1884012
160.6147886
163.4634510
166.4067941
169.3211349
171.6524678
174.8880140
177.9070258
178.6677359
175.1665868
172.2406981
168.4903477
164.9742461
160.9072362
157.5734490
154.0021290
150.7628727
148.3858202
146.1868880
144.1364966
142.4124827
140.6900529
138.8232129
136.6764781
135.1668215
133.4352063
131.9227256
130.3360041
128.7093038
127.2600387
125.6645812
123.9914694
122.4431483
120.6921952
119.3740000
117.8042982
116.3589521
114.8945719
113.3399084
111.6939304
109.9910588
108.2651101
106.3435173
104.5856906
103.0571445
101.4505247
99.7250394
97.9956598
96.3454476
95.1053260
93.7226420
92.5171307
91.2295698
90.0782583
89.2789749
88.4729333
87.8969814
87.4938933
87.2724143
87.2597805
87.4704810
87.7812010
88.1212176
88.6425844
89.3672987
90.0908073
90.9305452
92.0712009
93.1551264
94.2531890
95.4136055
96.7290397
97.9020607
99.5125696
100.5602979
101.9234766
103.1915119
104.5014852
105.8207376
106.9947671
108.1499509
109.1891442
110.3614126
111.5067092
112.3455054
113.0369371
113.5720271
113.9386734
114.0809720
113.9557653
113.6275463
112.9942737
112.1172841
110.7338352
109.7248364
108.3635817
106.8502592
105.3328931
103.6942877
101.8449847
100.0944906
98.1895592
96.3099760
94.2755989
92.2371739
90.5477373
88.6408328
86.6456254
84.9150382
82.9768307
81.2599209
79.5210697
77.8845687
76.2007530
74.7735067
73.2740914
72.2979255
71.1832372
70.3838890
69.6659282
69.0625943
68.6764011
68.1908238
67.8202302
67.5987117
67.3773497
67.1736680
67.0789978
67.0504279
67.0177804
66.9581828
66.9533871
66.9924937
67.0088491
67.0330362
67.0742048
67.1283156
67.1451084
67.1786246
67.2270110
67.2502812
67.2859592
67.3478301
67.3788963
67.3616345
67.3812871
67.4124555
67.4181125
67.4024617
67.3889826
67.3818792
67.3763898
67.3803971
67.3498089
67.2948422
67.2496849
67.2179283
67.1506166
67.0868867
67.0076482
66.8876967
66.7949170
66.6829925
66.5292821
66.3977136
66.2745004
66.1197687
65.9626202
65.8586794
65.7570319
65.6568005
65.5875601
65.4897199
65.3971981
65.3242964
65.2826681
65.2621855
65.2364217
65.1715507
65.1445188
65.1427243
65.1127783
65.0720989
65.0276856
64.9838747
64.9331315
64.8983054
64.8719844
64.8582051
64.8578542
64.8529448
64.8721992
64.8981471
64.9648698
65.0416717
65.1648015
65.2662577
65.3572865
65.4024609
65.4797549
65.5753013
65.6282234
65.7045495
65.8097500
65.8753941
65.9449545
66.0180523
66.1227011
66.2058856
66.2881780
66.3766992
66.4467912
66.5080440
66.5523088
66.5771442
66.5975123
66.6300799
66.6512185
66.6302645
66.6318920
66.6296336
66.6179221
66.6160067
66.5967772
66.5650940
66.5327905
66.5522361
66.5458634
66.5366335
66.5085610
66.4760020
66.4697308
66.4778378
66.4613533
66.4520905
66.4366276
66.4181801
66.4000604
66.4043534
66.3720794
66.3068545
66.3083582
66.3091468
66.2938982
66.2712179
66.2183831
66.1568409
66.1863098
66.1846387
66.1359167
66.1054141
66.0753144
66.0095233
65.9765186
65.9730876
65.9601446
65.9387195
65.9455527
65.9263459
65.9266548
65.9723854
66.0752148
66.2221675
66.3714852
66.5678243
66.7113423
66.8750365
67.1110821
67.4961745
67.8226924
68.1835543
68.6451111
69.2173232
69.8698846
70.3192370
70.8496749
71.4086897
71.8226700
72.3582480
73.1778152
73.7163040
74.0210655
74.5066303
75.0708759
75.4921375
75.9212336
76.2866334
76.6105893
76.8047214
76.9144002
76.9766803
76.9688814
76.9104058
76.7973287
76.6177717
76.4042327
76.0810357
75.6894841
75.2717633
74.7574396
74.0450685
73.2964913
72.4551221
71.6346461
70.8124417
69.9282590
68.8429580
67.4317818
66.2368178
65.1783881
64.0220332
62.7121680
61.2143983
59.9647717
58.9523858
57.6675466
56.3447234
54.9789158
53.5724182
52.3261638
51.1934306
50.0599295
48.8982143
47.5243504
46.7658730
45.9132649
45.3853613
44.9711541
44.5452763
44.1869098
43.8677442
43.5838992
43.4536611
43.3470633
43.1937968
43.0914777
42.9911310
42.9005237
42.8234579
42.8416593
42.8467466
42.8819068
42.9064358
42.9135942
42.9079723
42.8899863
42.8069076
42.6837612
42.5834601
42.4709233
42.3679528
42.3668286
42.3424964
42.2893650
42.2320215
42.1536511
42.0921175
42.0561543
41.9643684
41.9025122
41.7553337
41.8010745
41.7726266
41.7997232
41.7871605
41.7599543
41.7580819
41.7070647
41.6949486
41.6949162
41.6681620
41.5939125
41.5174823
41.5533762
41.5702020
41.6689482
41.7394495
41.7605098
41.7550780
41.7270365
41.7402702
41.8029842
41.8896198
41.8852193
41.8924105
41.8844322
41.8765911
41.8659277
41.7834259
41.6527741
41.5060271
41.3921088
41.3716224
41.2033061
41.1264985
41.0455263
40.9785890
40.9252415
40.8185936
40.7936125
40.5764252
40.4013874
40.1845755
40.2737116
40.1967482
40.3499807
40.2890325
40.2668761
40.2066507
40.1560612
40.1385125
40.0993082
40.0446810
39.9788915
39.9196483
39.8657299
39.8194395
39.7366123
39.7454924
39.7330861
39.6999422
39.6501233
39.5796846
39.5220763
39.4399422
39.4468720
39.4158697
39.3525199
39.2706199
39.2151126
39.1675480
39.1491236
39.0569717
38.9578444
38.8551405
38.7781530
38.7228467
38.6143187
38.4519750
38.3068179
38.1659886
38.1225664
38.0343745
37.8424754
37.6444924
37.5513312
37.5393924
37.5257219
37.4339959
37.3123736
37.1908399
37.1419674
37.1013950
37.0187068
36.8827998
36.7052610
36.5416868
36.4348237
36.4424058
36.4237459
36.4047417
36.3380138
36.3012278
36.2998922
36.2824679
36.2557537
36.2530140
36.3093218
36.3146116
36.2964529
36.2798375
36.2638558
36.2482385
36.1948872
36.1603400
36.0665962
35.9515026
35.8140854
35.6045839
35.4090873
35.1471684
34.6936829
34.2162590
33.6605666
32.8564615
32.2962834
31.7522883
31.2950328
30.9257753
30.2695430
29.9050082
29.4792320
29.0493181
28.1302110
27.4456092
26.9727020
26.4643194
26.1650152
25.6581469
25.2012448
24.6601230
24.2471021
23.9744581
23.6937433
23.4515556
23.1485793
22.9632218
22.8864344
22.8477164
22.8330303
22.8190479
22.8082472
22.7766614
22.6786982
22.6982514
22.7647255
22.8203000
22.7986045
22.8182992
22.8835480
22.9360776
23.0338689
23.0797128
23.1492826
23.1901091
23.1842707
23.2240007
23.3392248
23.5072410
23.4081260
23.2434423
23.1118238
23.0530414
23.2889227
23.4008969
23.3440919
23.3795953
23.5850225
23.6697212
23.6631460
23.6864585
23.6701390
23.6475618
23.6046617
23.5523511
23.5071686
23.5182881
23.5328861
23.5820558
23.6023577
23.5903424
23.5222369
23.4500498
23.4271277
23.4040475
23.3746813
23.3083835
23.2454261
23.1081490
23.0228212
23.0241556
22.9939830
22.9765848
22.9993196
22.9815748
22.9264253
22.7532246
22.6623899
22.6437761
22.6355717
22.6209009
22.5919040
22.5553728
22.5558750
22.5188853
22.4983609
22.4891432
22.4943702
22.5347957
22.5013887
22.4841141
22.4409073
22.4046241
22.4850950
22.5536077
22.5675190
22.5825601
22.5728351
22.4921466
22.5435234
22.5964193
22.6007156
22.6311054
22.6654785
22.6707631
22.6610172
22.6640234
22.6612519
22.6909187
22.7387784
22.7788944
22.7607332
22.6983404
22.7054877
22.7079185
22.7341467
22.6913456
22.6518489
22.6939400
22.7084433
22.6235414
22.6410926
22.6761995
22.7374914
22.7311120
22.6930221
22.6499371
22.6189053
22.6223705
22.6137926
22.6260082
22.6815224
22.7468424
22.7610165
22.7723684
22.8204005
22.8687774
22.8449136
22.8556692
22.9091165
22.9483517
22.9919078
23.0244902
23.0560253
23.0759327
23.0878079
23.1048602
23.0358384
22.9522786
22.9842660
23.0414711
23.0376269
22.8865670
22.8320818
22.8123428
22.8722802
22.9059249
22.9268543
22.9329283
22.8718873
22.8753449
22.9545691
23.0128726
22.9980282
23.0680751
23.1477006
23.1562113
23.1901682
23.2688937
23.3374942
23.3243037
23.3845824
23.4267006
23.4740452
23.4905261
23.5059436
23.5311296
23.5578563
23.5609044
23.5952501
23.6110700
23.6509460
23.6686685
23.6768742
23.6765266
23.6360213
23.6756223
23.7016465
23.7578614
23.7897222
23.8203157
23.7493214
23.6541437
23.6903493
23.7104251
23.7420794
23.7933809
23.7144813
23.6356194
23.6100744
23.5780970
23.5656400
23.4649405
23.3819282
23.3464838
23.3258038
23.4054408
23.4442235
23.4959513
23.4989829
23.4565225
23.4331098
23.2459155
23.0369900
23.0007199
22.8380900
22.6528494
22.4405226
22.3003532
22.1891705
21.9606092
21.6585411
21.2199669
20.5936276
19.9549564
19.2396047
18.4096743
17.2971722
15.9336583
14.6652223
13.3689333
11.8011827
10.3312937
8.9508712
7.9245490
7.1268750
6.7428881
6.8397325
7.5609241
8.5545883
9.7837226
11.0758122
12.1796159
13.5764549
15.0648952
16.6202395
18.3984409
19.9656172
21.6047459
23.3143661
24.8204927
26.5035551
27.6151037
28.7440895
29.7578836
30.7916767
31.8081502
32.5899432
33.5405703
34.4876299
35.4795043
36.4141659
37.3724878
38.4752503
39.4891235
40.6060947
41.7562704
43.0413619
44.1895282
45.4341765
46.8036858
47.9457208
49.4075504
50.7581559
52.1645835
53.1630142
54.4695986
55.7336915
56.8111298
57.9482816
59.0646994
60.0174733
60.8374052
61.6933266
62.3684001
62.9895822
63.4242447
63.8932310
64.2182192
64.5147548
64.7092268
64.8151875
64.8975191
64.8692346
64.8256702
64.7844022
64.7673738
64.6910820
64.6505220
64.7015768
64.9090549
64.9162523
64.8097304
64.8364608
64.8542617
64.7804602
64.8013816
64.7612729
64.6929856
64.7310318
64.7585934
64.8385752
64.8099638
64.8701070
64.9504940
65.1721101
66.0548460
66.9612941
67.4583280
67.4902783
67.4664291
67.6857717
68.0081825
68.4580524
68.6875775
68.9831866
69.2722243
69.5868541
70.0925393
70.6258021
71.2878642
72.1202575
73.0255315
74.2603927
75.1586147
76.4620544
77.5083021
78.8587255
80.2062235
81.7117797
83.2658740
85.0455703
86.8772135
89.1701287
91.1095337
93.3976336
95.1336202
97.2165858
99.4482091
101.5316609
103.6759797
105.6883034
107.9153632
110.2913951
112.2878779
114.4774406
116.8929724
119.0245912
121.1082061
123.3284792
125.3365752
127.2767562
128.8803132
130.6594985
132.2450038
133.6635981
135.1864546
136.5306728
138.1334907
139.7057294
141.0796620
142.7037948
144.1204912
145.0537430
146.0731200
147.1877836
148.2076839
149.0688782
149.8607581
150.6223499
151.2855416
151.8917419
152.3263506
152.6352085
152.9674061
153.3683952
153.5885060
153.7759572
153.9453481
154.1088658
154.1530800
154.1935261
154.2683868
154.3214608
154.3556921
154.4336742
154.5244971
154.6221342
154.7359426
154.8352277
154.9299314
155.0255695
155.1755414
155.2792854
155.3264203
155.4044673
155.5044698
155.6431270
155.7291752
155.8235831
155.9214298
156.0237255
156.1184499
156.2195918
156.3416215
156.4261170
156.5630267
156.6754619
156.7922247
156.9058568
157.0403114
157.1945142
157.3656413
157.4992534
157.6051550
157.7271104
157.8296839
157.9427821
158.1172682
158.2809047
158.4156742
158.5483576
158.6525439
158.7854132
158.8279268
158.8461731
158.8955123
158.9328014
158.9394356
158.9794148
158.9783861
158.9513295
158.8975237
158.8328062
158.7871211
158.6808972
158.5556158
158.4496243
158.3324744
158.2473969
158.0925201
157.9776094
157.8704266
157.7441233
157.6418810
157.5397499
157.4402463
157.3083269
157.2211355
157.1195340
157.0476244
156.9570560
156.8768236
156.7940903
156.7453520
156.6628232
156.6370757
156.6735636
156.7252666
156.7996289
156.9160744
157.0664259
157.2064731
157.3480268
157.4789955
157.6199459
157.7374403
157.8504669
157.9889845
158.0911914
158.2268309
158.2614530
158.3678807
158.4440741
158.5186068
158.5525664
158.7047926
158.7693204
158.7573545
158.7853756
158.7831618
158.7781111
158.7697569
158.7599852
158.7383856
158.6973571
158.6596251
158.6447140
158.5796192
158.5023396
158.4356050
158.3753898
158.2919598
158.1799786
158.1075790
158.0433823
157.9976350
157.9828408
157.9127083
157.8799384
157.8761108
157.8829397
157.8773782
157.8942431
157.9278087
157.9263032
157.8930136
157.9069528
157.9041705
157.9100933
157.9021322
157.8935372
157.8511131
157.7521524
157.6383078
157.4675811
157.2329704
157.0285456
156.7344768
156.5201847
156.2892779
156.1011648
155.9390785
155.7616276
155.6317583
155.4441102
155.1980979
155.0166597
154.8980687
154.7995222
154.6660060
154.5375011
154.3918545
154.2656283
154.1610042
154.0279593
153.8538388
153.7172889
153.5603359
153.4401088
153.3310956
153.1806608
153.0113388
152.8687084
152.7684684
152.6208131
152.5076120
152.4041843
152.2849158
152.1665228
152.0910522
152.0218387
151.9784173
151.9783636
151.9759779
151.9487813
151.9455344
151.9312725
151.9076453
151.8486284
151.7974528
151.7295393
151.6258164
151.4614482
151.3516861
151.1827812
151.0274321
150.8382797
150.6336852
150.3254122
150.0415307
149.8395134
149.6664006
149.3917019
149.1468325
148.9607154
148.7181056
148.5164407
148.2235166
148.0425637
147.8836443
147.6212919
147.3547852
147.0881537
146.9308681
146.8587818
146.6313095
146.5470363
146.4977316
146.4053639
146.2457511
146.0239425
145.7837903
145.5952187
145.4535552
145.2288050
145.0325953
144.8953917
144.7502183
144.5869041
144.4596593
144.2994468
144.1479458
143.9425698
143.7820896
143.6164485
143.4315190
143.2695496
143.0834288
142.8933830
142.7396443
142.5498480
142.3762276
142.1589345
141.9812069
141.8065790
141.6478956
141.5265925
141.4368989
141.3785947
141.3591176
141.3591115
141.3675973
141.3785757
141.3886220
141.4004187
141.4009439
141.4044289
141.4171477
141.4213070
141.4214862
141.4287569
141.4339353
141.4381732
141.4369650
141.4136857
141.4105921
141.4213648
141.4224339
141.4175107
141.4254998
141.4204342
141.4198022
141.4253484
141.4231226
141.4240415
141.4255107
141.4246342
141.4253838
141.4253797
141.4263101
141.4274192
141.4266686
141.4286036
141.4285084
141.4286771
141.4281604
