37.5296565
37.5290487
37.5282418
37.5292433
37.5283054
37.5289220
37.5258591
37.5232576
37.5128865
37.5023106
37.4873264
37.4663016
37.4431724
37.4157448
37.3785840
37.3423276
37.2840606
37.2323508
37.1352629
37.0734775
36.9641136
36.8696347
36.7451336
36.6496327
36.5130143
36.3572117
36.1924494
36.0385382
35.8326493
35.6845549
35.5064065
35.2996866
35.0796675
34.8494248
34.5963769
34.3776188
34.1016983
33.7980048
33.4967368
33.2667679
32.9711942
32.6694794
32.3693233
32.0261775
31.7159101
31.3211251
31.0320869
30.6616660
30.2005963
29.8982619
29.5405460
29.1700717
28.7611561
28.3905699
27.9867943
27.5283532
27.1296815
26.6816501
26.2371778
25.8612060
25.3987231
24.9766777
24.5115317
24.0279691
23.5954266
23.1210949
22.6431781
22.1885579
21.6248742
21.1641929
20.7309927
20.2031278
19.7814769
19.3024148
18.8251214
18.3471899
17.7875599
17.3652402
16.8065466
16.4151497
15.9527560
15.4952239
15.0109494
14.4947053
14.0263362
13.5477357
13.0328892
12.5609809
11.9875810
11.5453550
11.1433465
10.6190740
10.2676660
9.8030966
9.4078038
9.0035916
8.6299228
8.2277563
7.9224278
7.6519343
7.4542783
7.2606398
7.1302909
7.0627749
7.0530801
7.1048798
7.2043759
7.3498944
7.5955896
7.8332111
8.1282816
8.4486739
8.8545120
9.2529460
9.6804535
10.1844957
10.6120059
11.1099487
11.6464149
12.1177505
12.7158243
13.2063542
13.7285447
14.3175814
14.9237299
15.4758206
16.0546603
16.6728746
17.2841941
17.8285480
18.4797689
19.1093279
19.6720416
20.2653172
20.8651564
21.5091665
22.1243554
22.7717386
23.4818573
24.0774783
24.6673226
25.3067920
25.9410147
26.6081989
27.2513409
27.8884092
28.4586226
29.1123547
29.8809307
30.3375312
31.0680830
31.5591567
32.3032366
32.8362263
33.4606738
34.0838304
34.7990530
35.3139370
35.9367497
36.5555159
37.0620290
37.6750201
38.2827174
38.9857672
39.4930238
40.0826465
40.6966097
41.2962018
42.0097993
42.5246142
43.1060974
43.7276086
44.2901587
44.8226598
45.4709016
45.9662250
46.5730072
47.1553786
47.8377980
48.3333131
48.8861091
49.4737655
50.0527475
50.6421819
51.2687104
51.8694725
52.3590795
53.0650792
53.7183283
54.2400056
54.7904960
55.3365597
56.0611129
56.6519021
57.1434688
57.7685017
58.4007885
58.9988175
59.6666688
60.2769808
60.8480649
61.4715578
62.1184460
62.7847874
63.4367542
64.0851577
64.7602743
65.4029927
66.2568624
66.7361906
67.4392267
68.0702827
68.7015306
69.4437342
70.0569904
70.7522726
71.3994706
72.0576051
72.8396666
73.4309546
74.0178183
74.7052055
75.4014257
76.1232536
76.7437378
77.3442793
78.0266852
78.7077328
79.4930377
80.1313535
80.7202369
81.3898451
82.1019507
82.7916042
83.4555526
84.1582949
84.8463125
85.5532994
86.3422360
86.9215253
87.7924221
88.4458944
89.1000982
89.7864738
90.4957801
91.2168036
91.9702609
92.6438019
93.4714549
94.0979471
94.7899721
95.5377140
96.2920747
97.0625254
97.7712895
98.5195640
99.1815494
99.9786013
100.8109903
101.5297950
102.1965587
102.9815236
103.6902068
104.4411303
105.2101175
105.9751604
106.7050097
107.4566507
108.3185810
109.0563193
109.8566485
110.7102140
111.3048772
112.0788881
112.8098393
113.5941930
114.4123514
115.1387834
116.0149161
116.7322565
117.4827999
118.2739494
119.0302484
119.8679492
120.6049532
121.3755509
122.2929868
122.9630468
123.8979465
124.5367548
125.2838186
126.0837013
126.8338261
127.5610726
128.3784180
129.1198812
129.9668581
130.6710012
131.5519897
132.2113333
132.9334668
133.6821823
134.5299182
135.2654320
135.9537603
136.5864464
137.3706606
137.9970857
138.7964805
139.3844877
140.0395275
140.7666844
141.4224358
142.1672185
142.8470699
143.5139314
144.0297596
144.7614217
145.3813263
145.9747311
146.6825416
147.2076615
147.9144017
148.4619114
149.0638750
149.7128513
150.2806844
150.8659160
151.6107476
152.0839531
152.6282771
153.1461541
153.7008588
154.3472306
154.8754021
155.3455802
155.8888823
156.4348710
157.0195307
157.4938651
157.9948995
158.5346336
159.0527328
159.5019060
159.9923066
160.5105152
160.9736474
161.4888500
162.0524034
162.4954307
162.9408364
163.4125197
163.9016637
164.3891231
164.7863767
165.2667910
165.7170264
166.1365263
166.5931084
167.0521776
167.4434959
167.8670719
168.2911895
168.7041959
169.1079664
169.4997694
169.8829147
170.2785645
170.6784030
171.0494058
171.4547346
171.8018351
172.1586972
172.5653635
172.8842269
173.2562518
173.5968008
173.9630625
174.3303268
174.5976282
174.9426306
175.2760781
175.6190029
175.9519939
176.2569715
176.5970718
176.9258237
177.2572128
177.6308586
177.9183191
178.2278611
178.5319289
178.8324790
179.1694464
179.4735836
179.7749172
180.0461889
180.3252921
180.6123979
180.8841447
181.1472077
181.3754096
181.6364766
181.8667762
182.0975614
182.2988338
182.4781156
182.6735134
182.8589259
183.0330195
183.1483403
183.2915113
183.4102190
183.5256624
183.6186368
183.6772719
183.7270038
183.7520257
183.7571983
183.7360294
183.6567783
183.5587816
183.4614450
183.3538538
183.2405552
183.1367937
183.0222221
182.8836478
182.7030176
182.5570297
182.3402979
182.1395468
181.9405050
181.7241044
181.5130937
181.2554919
180.9751575
180.7139733
180.4070872
180.1785598
179.8950374
179.6199320
179.3188803
179.0125821
178.6970342
178.3563624
178.0099723
177.6068269
177.2259791
176.8740858
176.5114306
176.1106659
175.6876380
175.2489037
174.8961782
174.4695196
174.0579518
173.5776857
173.0932836
172.7114738
172.2682075
171.8608307
171.4349610
170.9718870
170.5713207
170.0683873
169.6416031
169.2860170
168.8565303
168.4136997
168.0692378
167.7333277
167.3449448
166.9998012
166.6714061
166.3488458
166.0232313
165.7579263
165.4037051
165.1865377
164.9491214
164.7377892
164.5146225
164.2991819
164.1136921
163.9372596
163.7785216
163.6081736
163.4430848
163.3057921
163.1740628
163.0546579
162.9404789
162.8058619
162.6760047
162.5355110
162.3800021
162.2206358
162.0067277
161.8622583
161.6745671
161.4792137
161.2811682
161.0613886
160.8158095
160.5906868
160.3407640
160.0897562
159.8150762
159.5213091
159.2385852
158.9160220
158.5775397
158.2703908
157.8974864
157.5435611
157.1657247
156.7784887
156.3503742
155.9525234
155.4733078
155.1056918
154.6287144
154.2331456
153.8052948
153.3494612
153.0068010
152.5408640
152.0596790
151.6374291
151.1680175
150.6459879
150.2051731
149.7180125
149.2308111
148.7394333
148.2404820
147.7174046
147.1433282
146.7744457
146.2682709
145.7557425
145.2446868
144.6713777
144.1326185
143.6085762
143.0205708
142.4494467
141.8826661
141.4720339
140.9868141
140.4646557
139.9746299
139.4299493
138.8760684
138.3405785
137.8066685
137.1887655
136.5916808
136.0797758
135.5431411
134.9596121
134.4060230
133.8247402
133.2796472
132.6516498
132.1529408
131.5107308
130.8946079
130.3218150
129.8202647
129.2575632
128.6370687
128.0819292
127.4915913
126.9220269
126.3749858
125.7604100
125.1151966
124.5537459
123.9684305
123.3989116
122.8752585
122.2431062
121.6730001
121.0705270
120.4938833
119.8572028
119.1814236
118.7081379
118.1229858
117.5539528
116.8962721
116.3545872
115.7399642
115.1061182
114.4880606
113.9749562
113.2743590
112.8010686
112.1930687
111.5619205
110.8373195
110.4066893
109.8675017
109.2918391
108.7187356
108.1443480
107.4673146
106.9303035
106.4127326
105.8593417
105.2469954
104.6494093
104.1353629
103.5288357
102.9604091
102.4054255
101.8012464
101.3184591
100.7520947
100.1990524
99.5282934
98.9895974
98.5600489
98.0195237
97.4763545
96.9422357
96.3625362
95.8927563
95.3936825
94.9100017
94.3399839
93.9158483
93.4060865
92.9060462
92.4334240
91.9366778
91.3917747
90.9769379
90.4854235
89.9845234
89.5363273
89.0356859
88.6188848
88.1478739
87.6777718
87.2060995
86.6621889
86.2825858
85.8598959
85.4064076
84.9443689
84.5307483
84.0919496
83.6623866
83.2452091
82.8233982
82.4062653
81.9996584
81.5834246
81.2215301
80.8239099
80.4286928
80.0007821
79.6464661
79.2665909
78.8934759
78.5263193
78.1448471
77.8801732
77.5272964
77.2047499
76.8163461
76.5278734
76.2165722
75.9140494
75.6057762
75.2678269
75.0040798
74.7106188
74.4255397
74.2010101
73.9470157
73.6200563
73.3336150
73.1644465
72.9261681
72.6599705
72.4524287
72.2394422
72.0297239
71.7863862
71.5879241
71.3992143
71.1828357
71.0011706
70.7751533
70.5883466
70.3724764
70.1671786
69.9605151
69.7555292
69.5486483
69.3366641
69.0966377
68.8908959
68.6626682
68.4238423
68.1917631
67.9569410
67.7152405
67.4372152
67.1976139
66.9285994
66.6425547
66.3325036
65.9825352
65.6975367
65.4561226
65.1409991
64.8093385
64.4639392
64.1165086
63.7635683
63.3845190
62.9793494
62.5899183
62.1059109
61.7912255
61.3216046
60.9773482
60.5938220
60.1709243
59.7723643
59.3559009
58.9100739
58.5271461
58.0657273
57.6120076
57.2145890
56.8199970
56.4138086
55.9968588
55.5758420
55.1529981
54.7350730
54.2744106
53.8555014
53.4663100
53.0343676
52.6494117
52.2278063
51.9104383
51.4937197
51.1056056
50.7378182
50.3445572
49.9499183
49.5939515
49.2487004
48.8608680
48.5072584
48.1586391
47.8475297
47.4628316
47.1822386
46.8660288
46.4916878
46.2425391
45.9642924
45.6494393
45.3988087
45.1500149
44.8847823
44.6605774
44.4458184
44.2080660
43.9522328
43.7652878
43.5885850
43.3954967
43.2396010
43.0795247
42.9273523
42.7927807
42.6637628
42.5375147
42.4231607
42.3498793
42.2683505
42.1980324
42.1416836
42.0883778
42.0481123
42.0149644
42.0040910
41.9978477
42.0043341
42.0218102
42.0431074
42.0814121
42.1302195
42.1957996
42.2563020
42.3367434
42.4297776
42.5607242
42.6794224
42.7884737
42.9290323
43.0928901
43.2654867
43.4223737
43.6049797
43.8049510
44.0184353
44.2866931
44.4934560
44.6969093
44.9488176
45.2144547
45.4819039
45.7618254
46.0521252
46.3607776
46.6501556
46.9689191
47.3455436
47.6441567
47.9699692
48.2952326
48.6725736
49.0400879
49.4240569
49.8374963
50.2279897
50.5984225
51.0507291
51.4253291
51.8468424
52.2777243
52.6984817
53.1066024
53.5727235
53.9957773
54.4603985
54.9146648
55.4047158
55.8137413
56.3726197
56.9075560
57.2806664
57.7529659
58.1752965
58.6307538
59.1194573
59.6147548
60.2201184
60.6766787
61.1224008
61.6321847
62.1375422
62.6047458
63.1189941
63.6520718
64.0999250
64.5977476
65.0904556
65.5475680
66.1179473
66.5738337
67.0714992
67.5697920
68.0818027
68.6506384
69.1817985
69.6459342
70.2362245
70.6571678
71.0796946
71.5676014
72.0194790
72.5331259
73.0345153
73.4524827
73.8940162
74.3610367
74.8351047
75.2270694
75.6356800
76.1081201
76.5084583
76.9088886
77.2617824
77.7032139
78.1504127
78.4856804
78.8681037
79.2093902
79.5784381
79.9589072
80.2735694
80.6080416
80.9290026
81.2792761
81.6334066
81.9528647
82.2810901
82.5782745
82.9067499
83.2424629
83.6194266
83.9253677
84.3054665
84.6302929
84.9692595
85.3002955
85.7494970
85.9835901
86.3203345
86.7242492
87.0757168
87.4213427
87.8063529
88.1329991
88.5336321
88.9146232
89.3385106
89.6745106
90.0658492
90.4957698
90.8847412
91.2930000
91.7244899
92.1080770
92.4654960
92.9248993
93.2917790
93.6775215
94.0756670
94.4810650
94.9557026
95.3585470
95.7714478
96.1661323
96.5077719
96.9271025
97.3426496
97.8038789
98.1422163
98.6006544
98.9855835
99.3958354
99.8059722
100.2508120
100.6772260
101.0660052
101.5286337
101.9415962
102.3619458
102.8158148
103.1990170
103.6568084
104.0439378
104.4747536
104.9089441
105.3407023
105.8645647
106.2418356
106.6508897
107.1209436
107.5263613
108.0529912
108.5249643
108.9027871
109.2931703
109.7336562
110.2092637
110.5954530
111.0932520
111.4997983
111.9206020
112.3673116
112.7569154
113.1904874
113.6028321
114.0047150
114.4737914
114.8815641
115.2445154
115.6444841
116.0635067
116.4548236
116.8291324
117.2410273
117.6332203
118.0049153
118.4191138
118.7398452
119.1320120
119.5275317
119.9343403
120.3262582
120.6766313
121.1124291
121.4825567
121.8545972
122.2695254
122.6907369
123.0401738
123.4384095
123.7712072
124.1714925
124.5395744
125.0386944
125.3646065
125.7400968
126.1695043
126.4888399
126.8618594
127.2202195
127.6132218
127.9995294
128.4058541
128.7585838
129.0825296
129.4453994
129.8409090
130.2020249
130.5185051
130.8467335
131.1716962
131.4796986
131.8070592
132.0938208
132.4061357
132.6811200
133.0030313
133.2084727
133.5217916
133.7418985
134.0196325
134.2484838
134.5034551
134.7549101
134.9994179
135.2708636
135.5169204
135.6986309
135.9558899
136.1687900
136.3976436
136.6098885
136.8282218
137.0529332
137.2974284
137.4888632
137.7311670
137.9375320
138.1201919
138.3476447
138.5480064
138.7339878
138.9504665
139.1475458
139.3192715
139.5195238
139.7279190
139.9095958
140.1102021
140.3078503
140.5115674
140.7156109
140.9363741
141.1775519
141.3814476
141.6108687
141.8645554
142.0840359
142.3703150
142.5720521
142.8457124
143.1593390
143.3835670
143.6855155
143.9370105
144.2134271
144.5707345
144.8582711
145.1512274
145.4460643
145.7371950
146.0334883
146.3422991
146.6482879
147.0080200
147.2720558
147.6424959
147.9415647
148.2297787
148.5616673
148.8807778
149.2365552
149.5259390
149.8680468
150.1159714
150.4070075
150.8058630
151.0636763
151.2974404
151.5890592
151.8967205
152.1611914
152.4233722
152.6956132
152.9618453
153.2058258
153.4864712
153.7420721
153.9666560
154.1910583
154.4036010
154.6227697
154.8396015
155.0397421
155.2560020
155.4311287
155.6023138
155.7545659
155.8986861
156.0536118
156.1741287
156.3156425
156.4337179
156.5387287
156.6501939
156.7397589
156.8335623
156.9190637
156.9966508
157.0852583
157.1612106
157.2362316
157.3055416
157.3595634
157.4182852
157.4623813
157.5069157
157.5522836
157.5999463
157.6565666
157.6975362
157.7382142
157.7721873
157.8038845
157.8295042
157.8489617
157.8681283
157.8820001
157.8899968
157.8871899
157.8815736
157.8650896
157.8337576
157.7870204
157.7514166
157.7133567
157.6710165
157.6086315
157.5594715
157.4826058
157.4020707
157.3308503
157.2546116
157.1707189
157.0846052
156.9910578
156.8923288
156.8048818
156.7006825
156.6054932
156.5025319
156.4153952
156.3160566
156.2208745
156.1219896
156.0219521
155.9205228
155.8340725
155.7444994
155.6605420
155.5783321
155.4802727
155.3949424
155.2985765
155.2299646
155.1514422
155.0657118
155.0093869
154.9268464
154.8647678
154.7960917
154.7376340
154.6791107
154.6175408
154.5466869
154.4856590
154.4072163
154.3565439
154.3088908
154.2427252
154.1493207
154.0647257
153.9816402
153.9145596
153.8744188
153.8126225
153.7223060
153.6538567
153.5793125
153.5188695
153.4637600
153.3924745
153.3113425
153.2233822
153.1293690
153.0589137
152.9480728
152.8639390
152.7233418
152.5990620
152.4697296
152.3500227
152.2218499
152.0806932
151.9100289
151.7544474
151.5785124
151.4502507
151.2706837
151.1072733
150.9196133
150.7242047
150.5414797
150.3545446
150.1729134
149.9686271
149.7445876
149.5491455
149.3253268
149.0698563
148.8344297
148.6031110
148.3658722
148.1290845
147.8663596
147.6238483
147.3668335
147.1427873
146.9182581
146.6778782
146.4760191
146.2320710
145.9862149
145.7645647
145.5115116
145.2458766
145.0212365
144.7877838
144.5436125
144.3084077
144.0617268
143.8106436
143.5713952
143.3425179
143.0915089
142.8450977
142.5773316
142.3646024
142.0766422
141.8036449
141.5335921
141.2473801
140.9564360
140.6550161
140.3663308
140.0558911
139.6854808
139.3793584
139.0782816
138.6956814
138.3683374
137.9740876
137.6307181
137.3278745
136.9561744
136.5720366
136.1344553
135.8270387
135.4546269
135.0808692
134.7170018
134.3344731
133.9597662
133.5251342
133.1613516
132.7659195
132.3517513
131.9887253
131.5992513
131.1582633
130.8241453
130.4231437
130.0394066
129.6402770
129.2335764
128.7998798
128.3411205
127.9830836
127.5870926
127.1733504
126.7555988
126.2580257
125.8315821
125.4585163
125.0260845
124.6459971
124.1478271
123.7151710
123.3467703
122.8573381
122.4179005
122.0062065
121.5896929
121.1564915
120.7135492
120.2713566
119.7436957
119.3520256
118.9008069
118.4244937
118.0277249
117.5243219
117.1082398
116.5823567
116.1429102
115.6361795
115.1126340
114.7541186
114.3040155
113.8358533
113.2666094
112.8881799
112.3765074
111.9441893
111.4275146
110.9946970
110.4443497
110.0344826
109.4809043
109.0089753
108.4916811
107.9416776
107.5225002
107.0549986
106.6114154
106.0659444
105.5101912
105.0603169
104.5905563
104.1283339
103.6654152
103.1145497
102.6798868
102.1701431
101.6496054
101.1470706
100.6393518
100.0790834
99.7074881
99.1292597
98.7057471
98.1754456
97.6327933
97.1959743
96.6311027
96.1367796
95.5978834
95.1071603
94.5568510
94.0191967
93.5139025
92.9403470
92.4446584
91.8950255
91.3746056
90.8314891
90.2124325
89.7061960
89.1857464
88.6913947
88.1106868
87.5999966
87.0485850
86.5043438
85.9874418
85.4104247
84.8268492
84.3602954
83.8176201
83.2424488
82.7334991
82.1818264
81.6367076
81.0941829
80.5140173
79.9649357
79.3394532
78.8481941
78.3068126
77.7008840
77.2008050
76.5438699
76.0553563
75.4743697
74.9379454
74.3606404
73.7286244
73.1789754
72.6092629
72.0105545
71.4262301
70.9371813
70.4607301
69.8726814
69.3299049
68.7667871
68.1431678
67.6261427
67.0814903
66.5045175
65.9131041
65.2683064
64.7276089
64.2082560
63.6429583
63.0741584
62.4779852
61.9697168
61.3579170
60.8697757
60.3330626
59.7601141
59.1979568
58.6269662
58.0523357
57.5202948
56.8923502
56.4126957
55.8145627
55.3163901
54.7404073
54.2313676
53.6382129
53.1929152
52.6118024
52.1358679
51.5174295
51.0622375
50.5846952
50.0684997
49.5962735
49.1632129
48.6294536
48.1028061
47.6770107
47.2850680
46.7558744
46.3309184
45.9401375
45.4956082
45.0895931
44.6723748
44.2313397
43.8591021
43.4803219
43.1213044
42.6737031
42.3023379
41.9513915
41.5871848
41.2190140
40.8448575
40.4900369
40.1417261
39.8326135
39.4873623
39.1403264
38.8307209
38.5218266
38.1648580
37.8535072
37.5212684
37.1632526
36.8813710
36.5635268
36.2830421
35.8993028
35.6046309
35.3445920
35.0455640
34.7445811
34.4249145
34.1348292
33.8909129
33.5778593
33.3211012
33.0499422
32.8433718
32.6221325
32.4105376
32.2395927
32.0720265
31.9225022
31.7903018
31.6600776
31.5639580
31.4588736
31.3821102
31.3006577
31.2408312
31.1899717
31.1326199
31.1034601
31.0720941
31.0471514
31.0287468
31.0194676
31.0179554
31.0180783
31.0150546
31.0107652
31.0084187
31.0060036
31.0013166
30.9982022
30.9960910
30.9922993
30.9887135
30.9860498
30.9813159
30.9774414
30.9748454
30.9707072
30.9671959
30.9628327
30.9608465
30.9555803
30.9535663
30.9543350
30.9541882
