22.3750201 28.1169324 2.2784043
22.3748297 28.1168695 2.2774728
22.3745788 28.1168300 2.2763977
22.3742223 28.1168819 2.2754159
22.3738707 28.1169572 2.2743965
22.3736309 28.1171495 2.2733212
22.3722760 28.1167668 2.2706635
22.3699799 28.1149895 2.2682957
22.3617372 28.1087617 2.2647327
22.3521948 28.1011321 2.2638310
22.3414751 28.0909245 2.2639063
22.3263986 28.0771980 2.2635344
22.3073926 28.0601722 2.2626072
22.2873297 28.0417873 2.2619329
22.2590999 28.0163789 2.2601753
22.2309448 27.9916764 2.2586868
22.1863367 27.9530921 2.2572979
22.1452635 27.9176422 2.2562857
22.0702770 27.8525526 2.2555482
22.0218770 27.8107187 2.2555505
21.9377430 27.7373427 2.2564142
21.8638935 27.6727495 2.2571671
21.7664475 27.5875918 2.2584103
21.6935034 27.5239775 2.2591128
21.5863550 27.4304811 2.2589884
21.4655722 27.3258630 2.2590642
21.3375341 27.2141785 2.2613378
21.2165733 27.1095629 2.2641542
21.0559271 26.9707967 2.2665777
20.9403539 26.8711974 2.2668776
20.8010508 26.7512000 2.2676312
20.6382895 26.6112114 2.2694381
20.4658616 26.4629435 2.2719753
20.2850771 26.3072448 2.2751785
20.0857519 26.1354953 2.2774455
19.9158469 25.9875315 2.2794451
19.7018428 25.7982262 2.2824681
19.4688495 25.5892546 2.2846229
19.2376693 25.3807965 2.2877366
19.0600886 25.2219702 2.2902043
18.8323206 25.0184927 2.2914895
18.5992712 24.8093213 2.2911990
18.3705589 24.6006692 2.2923396
18.1087920 24.3604167 2.2948654
17.8736797 24.1441292 2.2961218
17.5743313 23.8667031 2.2970429
17.3552136 23.6635879 2.2971838
17.0762784 23.4023943 2.2962501
16.7321005 23.0732239 2.2973239
16.5073872 22.8566806 2.2986811
16.2420616 22.5997117 2.2980886
15.9677229 22.3341842 2.2976909
15.6633027 22.0406752 2.2969640
15.3897706 21.7730128 2.2963394
15.0930735 21.4801550 2.2951270
14.7569685 21.1471672 2.2935048
14.4627645 20.8574487 2.2905836
14.1317791 20.5325453 2.2865898
13.8038658 20.2084293 2.2830369
13.5281265 19.9331423 2.2803120
13.1897954 19.5932483 2.2782339
12.8790039 19.2832735 2.2757672
12.5385553 18.9405123 2.2745478
12.1848893 18.5820696 2.2735711
11.8683673 18.2611967 2.2723325
11.5183030 17.9091929 2.2696761
11.1661768 17.5546932 2.2673479
10.8304658 17.2162020 2.2650989
10.4151552 16.7940546 2.2627363
10.0748521 16.4493458 2.2595742
9.7514526 16.1247054 2.2575843
9.3530028 15.7295143 2.2554699
9.0323814 15.4142082 2.2544018
8.6681946 15.0542870 2.2526671
8.3068407 14.6921438 2.2501904
7.9427434 14.3282939 2.2500828
7.5104389 13.9023144 2.2533979
7.1818532 13.5794900 2.2553574
6.7472061 13.1494483 2.2552859
6.4444564 12.8451160 2.2532171
6.0876708 12.4827413 2.2444508
5.7238179 12.1274135 2.2292791
5.3305387 11.7493493 2.2177612
4.9111801 11.3403808 2.2096046
4.5293083 10.9644901 2.2020963
4.1343397 10.5688312 2.2405595
3.6980075 10.1398099 2.2710606
3.2876555 9.7453741 2.2824007
2.7807528 9.2574340 2.2792000
2.3875247 8.8728709 2.2722210
2.0245943 8.5160122 2.2663667
1.5346730 8.0359767 2.2633818
1.1959084 7.7039182 2.2631875
0.7272800 7.2483341 2.2648778
0.3087672 6.8416851 2.2669991
-0.1394346 6.4028281 2.2705457
-0.5843363 5.9676320 2.2734415
-1.1037004 5.4567689 2.2767810
-1.5506219 5.0201111 2.2794356
-2.0152772 4.5728084 2.2819548
-2.4211811 4.1830647 2.2828588
-2.9050585 3.7081824 2.2869721
-3.3660662 3.2533077 2.2899456
-3.8080176 2.8266351 2.2874005
-4.2994119 2.3543375 2.2872903
-4.7666746 1.9047550 2.2893670
-5.2025798 1.4808043 2.2908757
-5.6366549 1.0570259 2.2907978
-6.1734522 0.5425291 2.2883854
-6.5925430 0.1473198 2.2868634
-7.0436302 -0.2773719 2.2881358
-7.4798574 -0.6900258 2.2918869
-7.9869125 -1.1716292 2.2930540
-8.4454348 -1.6066190 2.2907059
-8.9084565 -2.0453007 2.2880979
-9.4294818 -2.5304199 2.2854034
-9.8501392 -2.9221986 2.2849077
-10.3243818 -3.3634144 2.2884008
-10.8194859 -3.8281562 2.2953911
-11.2457925 -4.2287014 2.2999654
-11.7747811 -4.7156159 2.2978579
-12.2029436 -5.1051208 2.2935230
-12.6515805 -5.5142919 2.2899243
-13.1505412 -5.9725303 2.2881853
-13.6566095 -6.4393619 2.2884226
-14.1141944 -6.8589352 2.2878552
-14.5892026 -7.2912736 2.2866379
-15.0927125 -7.7487514 2.2838016
-15.5874938 -8.1996737 2.2807105
-16.0254297 -8.5975499 2.2777707
-16.5455190 -9.0716424 2.2759663
-17.0448670 -9.5269808 2.2757294
-17.4902930 -9.9309539 2.2758641
-17.9565312 -10.3538617 2.2768894
-18.4286410 -10.7831217 2.2786217
-18.9318941 -11.2396510 2.2810415
-19.4101565 -11.6758109 2.2844522
-19.9114901 -12.1336915 2.2885296
-20.4601971 -12.6337901 2.2911733
-20.9209063 -13.0535204 2.2930034
-21.3747477 -13.4666322 2.2953419
-21.8651758 -13.9146060 2.2988774
-22.3501758 -14.3609913 2.3030754
-22.8584271 -14.8310299 2.3056051
-23.3477315 -15.2829296 2.3067188
-23.8291292 -15.7340993 2.3089658
-24.2582315 -16.1396831 2.3106998
-24.7474722 -16.6068819 2.3132390
-25.3196301 -17.1595232 2.3170025
-25.6573656 -17.4906578 2.3201930
-26.1921742 -18.0255355 2.3242326
-26.5495022 -18.3876342 2.3264096
-27.0900898 -18.9379822 2.3256692
-27.4751870 -19.3343476 2.3222738
-27.9216878 -19.8022205 2.3180622
-28.3635116 -20.2776108 2.3134203
-28.8635179 -20.8272498 2.3056816
-29.2213054 -21.2303136 2.3013850
-29.6478130 -21.7208398 2.2972915
-30.0676382 -22.2129003 2.2927730
-30.4054999 -22.6234042 2.2901156
-30.8091608 -23.1253793 2.2886674
-31.2058199 -23.6280901 2.2867967
-31.6585445 -24.2182291 2.2875283
-31.9794363 -24.6448767 2.2895281
-32.3529374 -25.1453771 2.2909804
-32.7347288 -25.6699387 2.2919772
-33.0989747 -26.1946989 2.2917662
-33.5227036 -26.8314020 2.2934687
-33.8232105 -27.2946289 2.2947137
-34.1568253 -27.8233372 2.2951676
-34.5092246 -28.3956957 2.2950887
-34.8191173 -28.9193000 2.2919879
-35.1057749 -29.4269234 2.2879436
-35.4454360 -30.0493121 2.2816376
-35.6996896 -30.5299187 2.2765567
-36.0064415 -31.1236559 2.2713393
-36.2942995 -31.6996666 2.2672633
-36.6204817 -32.3825941 2.2672521
-36.8522928 -32.8834432 2.2683329
-37.1094846 -33.4423208 2.2691166
-37.3754571 -34.0407450 2.2709710
-37.6342682 -34.6332400 2.2718766
-37.8962040 -35.2361852 2.2724026
-38.1706896 -35.8780074 2.2747176
-38.4275596 -36.4972406 2.2746947
-38.6313228 -37.0063877 2.2737517
-38.9157288 -37.7490650 2.2775109
-39.1752953 -38.4374809 2.2804224
-39.3797932 -38.9856785 2.2815412
-39.5917349 -39.5675732 2.2825729
-39.7989051 -40.1469661 2.2830013
-40.0701506 -40.9146119 2.2836854
-40.2909009 -41.5397952 2.2832359
-40.4736484 -42.0577675 2.2815859
-40.7048827 -42.7181638 2.2788963
-40.9362742 -43.3841942 2.2758498
-41.1551548 -44.0121029 2.2721209
-41.3977457 -44.7138278 2.2698706
-41.6192650 -45.3522164 2.2684927
-41.8245715 -45.9494850 2.2661819
-42.0476136 -46.6013518 2.2641536
-42.2800938 -47.2756561 2.2611568
-42.5196108 -47.9666852 2.2560396
-42.7529532 -48.6434053 2.2531681
-42.9864515 -49.3110160 2.2508881
-43.2305405 -50.0043427 2.2506953
-43.4605152 -50.6655687 2.2525992
-43.7680621 -51.5379429 2.2513311
-43.9405219 -52.0281295 2.2511914
-44.1948501 -52.7437889 2.2491150
-44.4208475 -53.3862589 2.2499625
-44.6462915 -54.0284298 2.2513848
-44.9132807 -54.7804533 2.2502388
-45.1338167 -55.4006790 2.2463314
-45.3833188 -56.1021135 2.2418586
-45.6117902 -56.7581072 2.2382017
-45.8483605 -57.4215567 2.2334832
-46.1298530 -58.2053854 2.2315979
-46.3358910 -58.8027825 2.2249208
-46.5328296 -59.4024312 2.2155293
-46.7748602 -60.0944900 2.1931852
-47.0227635 -60.7916468 2.1822754
-47.2696741 -61.5185531 2.2246383
-47.4815071 -62.1429149 2.2614079
-47.6858269 -62.7482570 2.2795283
-47.9217112 -63.4336757 2.2725329
-48.1618723 -64.1131401 2.2547656
-48.4388417 -64.8941806 2.2448400
-48.6615055 -65.5303261 2.2470031
-48.8650420 -66.1182128 2.2513628
-49.0994102 -66.7822426 2.2525935
-49.3519925 -67.4866351 2.2504441
-49.5969651 -68.1678720 2.2469979
-49.8344263 -68.8218697 2.2453594
-50.0858514 -69.5133880 2.2465158
-50.3285438 -70.1903829 2.2511242
-50.5802246 -70.8841539 2.2535641
-50.8637352 -71.6583603 2.2560579
-51.0728260 -72.2244395 2.2591858
-51.3844196 -73.0758520 2.2703414
-51.6188282 -73.7135490 2.2756829
-51.8557441 -74.3509194 2.2744491
-52.1078117 -75.0156375 2.2716048
-52.3678851 -75.7027637 2.2717339
-52.6342767 -76.3996214 2.2747556
-52.9128791 -77.1268858 2.2825692
-53.1626441 -77.7761491 2.2863915
-53.4720947 -78.5723269 2.2846910
-53.7052548 -79.1748158 2.2856813
-53.9622925 -79.8392598 2.2879875
-54.2403446 -80.5583186 2.2906379
-54.5192210 -81.2825166 2.2925360
-54.8065123 -82.0232246 2.2908179
-55.0687904 -82.7023182 2.2902677
-55.3488042 -83.4199601 2.2897761
-55.5931253 -84.0538434 2.2909744
-55.8876100 -84.8195216 2.2942322
-56.1969754 -85.6162554 2.3008045
-56.4652196 -86.3026723 2.3084910
-56.7130595 -86.9406154 2.3149336
-57.0028007 -87.6915784 2.3184029
-57.2622756 -88.3716573 2.3214717
-57.5375729 -89.0902566 2.3211933
-57.8205406 -89.8260944 2.3187044
-58.1043965 -90.5576799 2.3184198
-58.3725842 -91.2541653 2.3215779
-58.6481157 -91.9735419 2.3259375
-58.9651336 -92.7967131 2.3275906
-59.2368613 -93.5011346 2.3270466
-59.5329082 -94.2652667 2.3259257
-59.8462320 -95.0787023 2.3267247
-60.0648712 -95.6466965 2.3280447
-60.3490156 -96.3839743 2.3292830
-60.6165098 -97.0829439 2.3303487
-60.9024782 -97.8308128 2.3292255
-61.2019955 -98.6120933 2.3270272
-61.4675817 -99.3040521 2.3253438
-61.7885283 -100.1392533 2.3236954
-62.0492239 -100.8233325 2.3231832
-62.3240552 -101.5372925 2.3191568
-62.6151767 -102.2887769 2.3124018
-62.8949321 -103.0089415 2.3062451
-63.2044317 -103.8035287 2.3011479
-63.4761829 -104.5039675 2.3006700
-63.7591782 -105.2341124 2.3035136
-64.0969215 -106.1059591 2.3070623
-64.3454190 -106.7389334 2.3082519
-64.6936042 -107.6254703 2.3118421
-64.9284570 -108.2306396 2.3181170
-65.2035933 -108.9378188 2.3259283
-65.4987031 -109.6961220 2.3267546
-65.7752547 -110.4055615 2.3213050
-66.0434817 -111.0953085 2.3167771
-66.3428102 -111.8713939 2.3185561
-66.6141950 -112.5728716 2.3206149
-66.9235943 -113.3764803 2.3234148
-67.1825482 -114.0428800 2.3229399
-67.5072587 -114.8758952 2.3220032
-67.7488926 -115.4999068 2.3233774
-68.0140359 -116.1840664 2.3224931
-68.2878230 -116.8933287 2.3201567
-68.6000310 -117.6953660 2.3132612
-68.8707366 -118.3917250 2.3092914
-69.1223243 -119.0435515 2.3097990
-69.3528925 -119.6401485 2.3121715
-69.6395081 -120.3847074 2.3163595
-69.8668152 -120.9759506 2.3176043
-70.1599285 -121.7321893 2.3188641
-70.3747410 -122.2879013 2.3202728
-70.6161608 -122.9064366 2.3185776
-70.8821872 -123.5929810 2.3159611
-71.1226550 -124.2125882 2.3117025
-71.3982401 -124.9164465 2.3017182
-71.6465671 -125.5572161 2.2926789
-71.8885353 -126.1889306 2.2868574
-72.0774506 -126.6759812 2.2828809
-72.3444617 -127.3671787 2.2783557
-72.5709850 -127.9533439 2.2739093
-72.7869754 -128.5141401 2.2696468
-73.0440389 -129.1851703 2.2647799
-73.2345029 -129.6813594 2.2609705
-73.4928494 -130.3478267 2.2570168
-73.6926549 -130.8645514 2.2580347
-73.9114136 -131.4334766 2.2630100
-74.1474289 -132.0459007 2.2673784
-74.3536046 -132.5819046 2.2701753
-74.5670528 -133.1367581 2.2728025
-74.8374498 -133.8386468 2.2761526
-75.0089830 -134.2852074 2.2788247
-75.2067938 -134.8004555 2.2816736
-75.3947735 -135.2882088 2.2822865
-75.5964343 -135.8128149 2.2802852
-75.8302526 -136.4229451 2.2793141
-76.0225524 -136.9237309 2.2795348
-76.1921951 -137.3651038 2.2793105
-76.3891964 -137.8806829 2.2792848
-76.5839579 -138.3957945 2.2804583
-76.7947874 -138.9488535 2.2803060
-76.9658205 -139.3960669 2.2776765
-77.1463876 -139.8698742 2.2751224
-77.3403197 -140.3815823 2.2717445
-77.5260217 -140.8702557 2.2703098
-77.6870590 -141.2948380 2.2684245
-77.8619727 -141.7597976 2.2669854
-78.0468493 -142.2502607 2.2648131
-78.2131635 -142.6882789 2.2630377
-78.3975831 -143.1743346 2.2624105
-78.5971343 -143.7091097 2.2603257
-78.7538958 -144.1288261 2.2572772
-78.9130430 -144.5504259 2.2543481
-79.0818834 -144.9975600 2.2512041
-79.2568819 -145.4590660 2.2460025
-79.4311944 -145.9203535 2.2400325
-79.5741625 -146.2957282 2.2351067
-79.7450020 -146.7504282 2.2311510
-79.9046269 -147.1770625 2.2288936
-80.0536280 -147.5739529 2.2271067
-80.2155688 -148.0064214 2.2229293
-80.3803594 -148.4396572 2.2180974
-80.5217816 -148.8090933 2.2164597
-80.6746146 -149.2082689 2.2162999
-80.8271917 -149.6083369 2.2124953
-80.9786459 -149.9970065 2.2077520
-81.1295340 -150.3747427 2.2061919
-81.2774815 -150.7407887 2.2046226
-81.4206166 -151.0990991 2.1997433
-81.5704779 -151.4682603 2.1957136
-81.7211992 -151.8423827 2.2044805
-81.8582761 -152.1896776 2.2276460
-82.0112959 -152.5688632 2.2648057
-82.1474646 -152.8880763 2.2871483
-82.2930552 -153.2154965 2.2980784
-82.4631728 -153.5858800 2.3016123
-82.5977833 -153.8755422 2.3013150
-82.7608899 -154.2111705 2.2973887
-82.9190223 -154.5119658 2.2832641
-83.0980456 -154.8327907 2.2545759
-83.2743849 -155.1556622 2.2188704
-83.3949978 -155.3953563 2.1912543
-83.5619875 -155.6985789 2.1712968
-83.7401316 -155.9806292 2.1735447
-83.9400642 -156.2620175 2.1830887
-84.1458367 -156.5288317 2.1751622
-84.3422596 -156.7683133 2.1567284
-84.5596871 -157.0376568 2.1446563
-84.7585814 -157.3033183 2.1543434
-84.9527611 -157.5745682 2.1778623
-85.1931538 -157.8684484 2.1894600
-85.4057268 -158.0788947 2.1879035
-85.6872238 -158.2776421 2.1977207
-85.9756224 -158.4660675 2.2118372
-86.2604822 -158.6505503 2.2306461
-86.5682087 -158.8671699 2.2543349
-86.8369771 -159.0631259 2.2717749
-87.1275679 -159.2460461 2.2868146
-87.4261807 -159.3898543 2.3020465
-87.7625226 -159.5206971 2.3158347
-88.1157296 -159.6512977 2.3255255
-88.4395715 -159.7820429 2.3343164
-88.7496469 -159.9075458 2.3246246
-89.0356390 -160.0094443 2.3080080
-89.3724465 -160.1169457 2.2943589
-89.6877680 -160.2028567 2.2928275
-90.0370519 -160.2686475 2.2803266
-90.3784842 -160.3052052 2.2558984
-90.7186495 -160.3183098 2.2163931
-91.0967323 -160.3261436 2.1645210
-91.4716448 -160.3229928 2.1090180
-91.8518620 -160.3033199 2.0423951
-92.1481625 -160.2645131 1.9838235
-92.5519461 -160.1940973 1.9022562
-92.9351045 -160.1069637 1.8239255
-93.3725215 -159.9821274 1.7432153
-93.8091451 -159.8300870 1.6653521
-94.1637374 -159.6862093 1.5898896
-94.5942121 -159.4849950 1.4857330
-94.9860450 -159.2784314 1.3846184
-95.4312429 -159.0142369 1.2754985
-95.7896312 -158.7692797 1.1918379
-96.1626225 -158.4471830 1.1023938
-96.5339777 -158.1020590 1.0073735
-96.8626917 -157.7839923 0.9161848
-97.2278227 -157.4269089 0.8177891
-97.6146238 -157.0487736 0.7181737
-97.9614109 -156.7056395 0.6294355
-98.3027090 -156.3513331 0.5369218
-98.6521125 -155.9626507 0.4363426
-99.0358853 -155.5004520 0.3245431
-99.3081983 -155.1475329 0.2427440
-99.6165414 -154.6862918 0.1401516
-99.8964458 -154.2628370 0.0464628
-100.1706809 -153.8417731 -0.0462493
-100.4440056 -153.4007313 -0.1422056
-100.6871819 -152.9825421 -0.2313657
-100.9507752 -152.4940920 -0.3322061
-101.2081752 -151.9823122 -0.4303013
-101.4339111 -151.5138204 -0.5136064
-101.6857139 -150.9666329 -0.6120550
-101.8533952 -150.5740146 -0.6818414
-102.0302346 -150.1073811 -0.7595620
-102.1865410 -149.6614227 -0.8292385
-102.3334349 -149.1913117 -0.8955220
-102.4672183 -148.7224582 -0.9536393
-102.5962709 -148.2451043 -1.0118608
-102.7185181 -147.7409331 -1.0749219
-102.8248033 -147.2419460 -1.1290831
-102.9262390 -146.6724935 -1.1845761
-102.9992290 -146.1500935 -1.2349762
-103.0496937 -145.6803843 -1.2771782
-103.0882888 -145.2024309 -1.3120037
-103.1201685 -144.6864459 -1.3513703
-103.1407356 -144.1457816 -1.3903064
-103.1485767 -143.5972595 -1.4293558
-103.1447820 -143.1611836 -1.4588248
-103.1269626 -142.6445920 -1.4898453
-103.0988759 -142.1539732 -1.5142723
-103.0575375 -141.5864448 -1.5400925
-103.0168050 -141.0113790 -1.5620049
-102.9838617 -140.5590109 -1.5731859
-102.9420919 -140.0359283 -1.5782823
-102.8985880 -139.5590465 -1.5819304
-102.8497178 -139.0627365 -1.5911254
-102.8003206 -138.5197237 -1.6030053
-102.7648418 -138.0435016 -1.6155803
-102.7284962 -137.4380773 -1.6362666
-102.7001058 -136.9219377 -1.6559142
-102.6762151 -136.4919316 -1.6711682
-102.6550291 -135.9661867 -1.6824845
-102.6484581 -135.4115633 -1.6884881
-102.6632452 -134.9634074 -1.6955196
-102.6839304 -134.5210454 -1.7046161
-102.7162190 -134.0021694 -1.7145007
-102.7571601 -133.5310400 -1.7233440
-102.8102543 -133.0717375 -1.7338526
-102.8778310 -132.6082064 -1.7443013
-102.9627213 -132.1228248 -1.7517596
-103.0447851 -131.7184916 -1.7558368
-103.1738372 -131.1593121 -1.7654787
-103.2665032 -130.8069624 -1.7714853
-103.4059685 -130.3887362 -1.7634095
-103.5433443 -130.0038973 -1.7498052
-103.6974552 -129.5918786 -1.7297677
-103.8678898 -129.1724905 -1.7077869
-104.0389833 -128.7918684 -1.6818813
-104.2268001 -128.4070742 -1.6516926
-104.4038698 -128.0548663 -1.6278912
-104.6005748 -127.6667888 -1.6083096
-104.7965156 -127.2876211 -1.5909008
-104.9747357 -126.9572093 -1.5743548
-105.1858692 -126.6061826 -1.5614932
-105.3855360 -126.2794623 -1.5491041
-105.5723166 -125.9685249 -1.5380147
-105.7757314 -125.6176503 -1.5252268
-105.9594279 -125.2861084 -1.5110997
-106.1358592 -124.9471884 -1.4976190
-106.3067398 -124.5925296 -1.4855641
-106.4606530 -124.2474281 -1.4742432
-106.6413668 -123.8034562 -1.4597600
-106.7452084 -123.5197480 -1.4516931
-106.8579016 -123.1688259 -1.4468502
-106.9587830 -122.8176202 -1.4415286
-107.0408376 -122.4784844 -1.4377854
-107.1112843 -122.1213407 -1.4356694
-107.1689251 -121.7387028 -1.4333375
-107.2098425 -121.3978755 -1.4317656
-107.2438550 -121.0307149 -1.4347155
-107.2697876 -120.6673588 -1.4362095
-107.2868697 -120.2799899 -1.4370112
-107.2850479 -119.8829077 -1.4409445
-107.2473297 -119.5344293 -1.4467783
-107.1912420 -119.1464128 -1.4492730
-107.1222986 -118.7491813 -1.4520708
-107.0539196 -118.3953900 -1.4510955
-106.9611616 -117.9721097 -1.4458458
-106.8640898 -117.5796075 -1.4401125
-106.7505913 -117.1687564 -1.4362934
-106.6242375 -116.7567146 -1.4371317
-106.4768224 -116.3075820 -1.4386270
-106.3334276 -115.8967177 -1.4380450
-106.1516984 -115.4098880 -1.4289310
-106.0065676 -115.0416236 -1.4238662
-105.8136017 -114.5672356 -1.4176653
-105.6508710 -114.1763657 -1.4122724
-105.4733717 -113.7543876 -1.4043019
-105.2844426 -113.3056536 -1.3961882
-105.1413120 -112.9692453 -1.3904180
-104.9449167 -112.5112875 -1.3820109
-104.7414418 -112.0406791 -1.3720860
-104.5619873 -111.6277623 -1.3638148
-104.3609498 -111.1700847 -1.3600949
-104.1382480 -110.6580385 -1.3553358
-103.9518042 -110.2262834 -1.3521614
-103.7441394 -109.7488560 -1.3495936
-103.5353700 -109.2728096 -1.3449128
-103.3259979 -108.7904595 -1.3366035
-103.1154206 -108.3008716 -1.3303234
-102.8940363 -107.7836343 -1.3271853
-102.6503920 -107.2184495 -1.3232029
-102.4944304 -106.8547764 -1.3199316
-102.2857598 -106.3492355 -1.3216184
-102.0735609 -105.8381901 -1.3257081
-101.8600454 -105.3296888 -1.3284523
-101.6226272 -104.7571075 -1.3304217
-101.4022166 -104.2161638 -1.3324287
-101.1893575 -103.6887687 -1.3324838
-100.9454495 -103.0985350 -1.3389719
-100.7068858 -102.5283587 -1.3505704
-100.4740602 -101.9580156 -1.3529687
-100.3106964 -101.5396533 -1.3471985
-100.1203634 -101.0399305 -1.3407553
-99.9111553 -100.5076403 -1.3386550
-99.7117178 -100.0105034 -1.3399906
-99.4920785 -99.4552653 -1.3423126
-99.2727899 -98.8863794 -1.3435705
-99.0613445 -98.3336800 -1.3414203
-98.8464369 -97.7875409 -1.3406293
-98.5943905 -97.1573089 -1.3411475
-98.3518265 -96.5476594 -1.3412763
-98.1461082 -96.0213259 -1.3411019
-97.9340846 -95.4643753 -1.3435154
-97.7003920 -94.8614026 -1.3484467
-97.4779093 -94.2900706 -1.3519262
-97.2441504 -93.6907349 -1.3544165
-97.0221091 -93.1295931 -1.3578347
-96.7669886 -92.4810323 -1.3605086
-96.5634702 -91.9661752 -1.3627218
-96.3007209 -91.3045166 -1.3641122
-96.0437333 -90.6723044 -1.3648253
-95.8045536 -90.0851525 -1.3675084
-95.5946221 -89.5707839 -1.3713437
-95.3587720 -88.9932786 -1.3747074
-95.0953969 -88.3577039 -1.3795514
-94.8597730 -87.7896713 -1.3863343
-94.6091009 -87.1838702 -1.3920677
-94.3674720 -86.5992169 -1.3950862
-94.1327162 -86.0402622 -1.3965845
-93.8674054 -85.4114714 -1.3960573
-93.5890726 -84.7513143 -1.3956897
-93.3460035 -84.1755986 -1.3968841
-93.0911892 -83.5777996 -1.3977413
-92.8405562 -82.9964662 -1.3994446
-92.6093146 -82.4627368 -1.4014817
-92.3332025 -81.8136108 -1.4017894
-92.0850054 -81.2266060 -1.4018387
-91.8194782 -80.6084334 -1.4036308
-91.5633369 -80.0189745 -1.4061825
-91.2809717 -79.3656407 -1.4093602
-90.9808821 -78.6714069 -1.4127982
-90.7698383 -78.1854379 -1.4135227
-90.5092617 -77.5832486 -1.4109108
-90.2561253 -76.9967335 -1.4089135
-89.9623773 -76.3161518 -1.4080141
-89.7190202 -75.7580157 -1.4064419
-89.4409946 -75.1257564 -1.4039343
-89.1557636 -74.4705490 -1.4006777
-88.8779954 -73.8300690 -1.3974904
-88.6480603 -73.2941811 -1.3944160
-88.3342449 -72.5627196 -1.3931676
-88.1222892 -72.0676864 -1.3952874
-87.8523582 -71.4281851 -1.3965566
-87.5734078 -70.7586620 -1.3989838
-87.2556080 -69.9855328 -1.4031947
-87.0674689 -69.5229198 -1.4031148
-86.8309005 -68.9448381 -1.4024345
-86.5763769 -68.3299567 -1.4014779
-86.3231690 -67.7153166 -1.3983196
-86.0698452 -67.0935988 -1.3953682
-85.7734342 -66.3594145 -1.3919795
-85.5376896 -65.7750306 -1.3879432
-85.3110215 -65.2095691 -1.3871329
-85.0696024 -64.6025532 -1.3869796
-84.8040765 -63.9264824 -1.3866040
-84.5442812 -63.2634067 -1.3851988
-84.3212814 -62.6908103 -1.3863289
-84.0604359 -62.0111713 -1.3876844
-83.8105722 -61.3788194 -1.3932740
-83.5671437 -60.7568539 -1.3983777
-83.3047398 -60.0740836 -1.4017944
-83.0942795 -59.5285414 -1.4050082
-82.8453123 -58.8874849 -1.4091071
-82.6007883 -58.2615394 -1.4122855
-82.3047841 -57.4985204 -1.4195238
-82.0685287 -56.8802241 -1.4231115
-81.8809109 -56.3852577 -1.4244680
-81.6427062 -55.7610213 -1.4266331
-81.4022742 -55.1336420 -1.4279772
-81.1633198 -54.5178626 -1.4271470
-80.9021149 -53.8473331 -1.4249307
-80.6921390 -53.3003473 -1.4212247
-80.4693668 -52.7151540 -1.4163186
-80.2524245 -52.1468720 -1.4156358
-79.9907029 -51.4836247 -1.4193719
-79.7943964 -50.9907282 -1.4217362
-79.5591549 -50.3933297 -1.4199069
-79.3301609 -49.8021377 -1.4152060
-79.1128178 -49.2424877 -1.4131819
-78.8811920 -48.6556806 -1.4152528
-78.6264872 -48.0090167 -1.4183196
-78.4319988 -47.5145626 -1.4212286
-78.2036379 -46.9223929 -1.4244503
-77.9724538 -46.3135499 -1.4279885
-77.7628763 -45.7691750 -1.4315935
-77.5259542 -45.1622304 -1.4337309
-77.3284175 -44.6573629 -1.4338710
-77.1063271 -44.0772180 -1.4352183
-76.8858964 -43.4923291 -1.4394264
-76.6592571 -42.9111050 -1.4470518
-76.3956659 -42.2425988 -1.4548572
-76.2104452 -41.7747200 -1.4583208
-76.0053619 -41.2459147 -1.4567479
-75.7844706 -40.6765851 -1.4603338
-75.5572371 -40.0990090 -1.4696362
-75.3528551 -39.5795735 -1.4723898
-75.1348056 -39.0257695 -1.4731667
-74.9203369 -38.4813800 -1.4741887
-74.7112615 -37.9491714 -1.4786726
-74.4992811 -37.4104961 -1.4856739
-74.2890989 -36.8722203 -1.4898402
-74.0822548 -36.3483304 -1.4933672
-73.8649395 -35.8194841 -1.4970588
-73.6761206 -35.3582826 -1.4982380
-73.4681377 -34.8450532 -1.4989442
-73.2623529 -34.3278424 -1.4979415
-73.0391038 -33.7660212 -1.4968053
-72.8531122 -33.3014966 -1.4976144
-72.6519752 -32.7980748 -1.5004710
-72.4543409 -32.2959354 -1.5049615
-72.2641161 -31.7956003 -1.5093304
-72.0649473 -31.2631562 -1.5166657
-71.9275230 -30.8930887 -1.5237523
-71.7432085 -30.3964342 -1.5326680
-71.5745111 -29.9369121 -1.5415309
-71.3714789 -29.3762088 -1.5538664
-71.2206160 -28.9561672 -1.5630151
-71.0601943 -28.4944974 -1.5715986
-70.9062267 -28.0284704 -1.5769372
-70.7564527 -27.5311295 -1.5796294
-70.5890923 -26.9876422 -1.5847665
-70.4566235 -26.5613604 -1.5878605
-70.3180920 -26.0575123 -1.5945875
-70.1908567 -25.5308251 -1.6040386
-70.0940865 -25.1026993 -1.6060821
-69.9795161 -24.6291270 -1.6133503
-69.8227163 -24.0335215 -1.6295423
-69.6947332 -23.4720141 -1.6146942
-69.6255462 -23.1192412 -1.5953777
-69.5277498 -22.6047237 -1.5755966
-69.4153881 -22.0333014 -1.5722447
-69.3233365 -21.5872191 -1.5806816
-69.2329528 -21.1140444 -1.5958380
-69.1457444 -20.6242492 -1.6079812
-69.0441121 -20.0457796 -1.6097939
-68.9593906 -19.5724642 -1.6033877
-68.8761827 -19.1164585 -1.5975635
-68.7792573 -18.5963719 -1.5959165
-68.6976699 -18.1428911 -1.6008287
-68.5946421 -17.5728025 -1.6067971
-68.5046569 -17.1063830 -1.6092626
-68.3984008 -16.5692608 -1.6102118
-68.2909683 -16.0619689 -1.6135709
-68.1809081 -15.5560418 -1.6166420
-68.0690038 -15.0412195 -1.6215916
-67.9508296 -14.5370790 -1.6316587
-67.8246205 -14.0266227 -1.6389928
-67.6754299 -13.4656359 -1.6406857
-67.5432874 -12.9885759 -1.6420825
-67.3943461 -12.4520139 -1.6456454
-67.2310072 -11.9187487 -1.6538814
-67.0610490 -11.4525848 -1.6609305
-66.8812353 -11.0213927 -1.6674913
-66.6933787 -10.5781730 -1.6753639
-66.4739610 -10.0642932 -1.6998671
-66.2812494 -9.6297046 -1.7132578
-66.0580089 -9.1857655 -1.7077272
-65.8155505 -8.7398571 -1.7003961
-65.5475750 -8.2753740 -1.7061684
-65.2392056 -7.7773073 -1.7164767
-64.9890809 -7.3424582 -1.7177473
-64.7719934 -6.9925774 -1.7213308
-64.4852420 -6.5770905 -1.7255597
-64.1785008 -6.1622652 -1.7282944
-63.8549437 -5.7571641 -1.7445272
-63.5275354 -5.3441030 -1.7587274
-63.1931420 -4.9311225 -1.7407502
-62.8301983 -4.5138775 -1.7116130
-62.4384661 -4.0907223 -1.6965603
-62.0601827 -3.6905851 -1.6947884
-61.5840679 -3.1962506 -1.7003099
-61.2731819 -2.8816456 -1.7039274
-60.8050017 -2.4230585 -1.7089320
-60.4602348 -2.0937709 -1.7090950
-60.0744598 -1.7234529 -1.7113661
-59.6463324 -1.3197662 -1.7130731
-59.2400735 -0.9344730 -1.7130801
-58.8125535 -0.5257037 -1.7106145
-58.3513545 -0.0852170 -1.7079983
-57.9528379 0.2896029 -1.7091097
-57.4702301 0.7403804 -1.7087113
-56.9891495 1.1874349 -1.7058875
-56.5665126 1.5841217 -1.7044451
-56.1408883 1.9867590 -1.7021058
-55.7011729 2.3994827 -1.7020038
-55.2447236 2.8237066 -1.7025671
-54.7812678 3.2524502 -1.7036056
-54.3098870 3.6881025 -1.6996202
-53.8392638 4.1276708 -1.6992776
-53.3144400 4.6233975 -1.6996530
-52.8293951 5.0838486 -1.6984520
-52.3768027 5.5074331 -1.6981669
-51.8642629 5.9918546 -1.7008433
-51.4036026 6.4269503 -1.7023587
-50.8904247 6.9165985 -1.7057745
-50.4992137 7.2877302 -1.7087369
-49.9802959 7.7737368 -1.7126768
-49.4912129 8.2271235 -1.7139109
-49.0208413 8.6616408 -1.7145640
-48.5075113 9.1440034 -1.7120800
-47.9836539 9.6344153 -1.7135051
-47.5049813 10.0778582 -1.7169573
-47.0333492 10.5152678 -1.7187656
-46.4922404 11.0145757 -1.7192917
-45.9874224 11.4869692 -1.7140330
-45.4735519 11.9803171 -1.7092940
-45.0047449 12.4286985 -1.7114981
-44.4188806 12.9730616 -1.7155949
-43.9821423 13.3746645 -1.7167167
-43.4737813 13.8567539 -1.6833472
-42.8563410 14.4400648 -1.6286478
-42.4348192 14.8336460 -1.5969762
-41.9505388 15.2893153 -1.5827277
-41.3808024 15.8259660 -1.5856478
-40.9144167 16.2621088 -1.5898660
-40.4369160 16.7112311 -1.5921548
-39.9047463 17.2141986 -1.5917006
-39.4331701 17.6643040 -1.5892154
-38.9646399 18.1126997 -1.5959956
-38.4300779 18.6160798 -1.6047667
-37.8381904 19.1619629 -1.6144401
-37.3586633 19.6271101 -1.5954096
-36.8781224 20.0966591 -1.5825278
-36.3350005 20.6151048 -1.5766787
-35.8758275 21.0502331 -1.5730584
-35.3702341 21.5313330 -1.5835250
-34.8622377 22.0110665 -1.5981229
-34.3577661 22.4978127 -1.6052087
-33.8323534 23.0033180 -1.6049827
-33.2834508 23.5245567 -1.5934732
-32.7442640 24.0319223 -1.5872488
-32.3165452 24.4460772 -1.5918624
-31.7898870 24.9539031 -1.6021954
-31.2910666 25.4266636 -1.6037856
-30.7715697 25.9275098 -1.6011844
-30.1608618 26.5118545 -1.6004575
-29.7127731 26.9251507 -1.6115628
-29.1092905 27.4874000 -1.6267015
-28.6598364 27.9118871 -1.6301880
-28.1337125 28.4027366 -1.6309000
-27.5647689 28.9331160 -1.6245866
-27.0434012 29.4164247 -1.6269407
-26.5255965 29.8864264 -1.6350812
-25.9422204 30.4168152 -1.6398669
-25.4139191 30.8987285 -1.6388976
-24.8386572 31.4204800 -1.6537078
-24.3620203 31.8473612 -1.6796761
-23.8234489 32.3306950 -1.7153005
-23.3090038 32.7959618 -1.7519810
-22.6704515 33.3749781 -1.7916375
-22.1209531 33.8657745 -1.8052405
-21.6536511 34.2829125 -1.7873581
-21.1099624 34.7709564 -1.7672044
-20.5401987 35.2861940 -1.7522593
-19.9759746 35.7921759 -1.7612520
-19.4852830 36.2282105 -1.7726779
-18.9492389 36.7054338 -1.7793029
-18.3955818 37.1990537 -1.7775342
-17.8503878 37.6902327 -1.7748527
-17.1935005 38.2784701 -1.7761809
-16.7142723 38.7081295 -1.7788670
-16.2557381 39.1173340 -1.7811350
-15.7052869 39.6058714 -1.7815116
-15.1468890 40.1012665 -1.7777853
-14.5997378 40.5831753 -1.7745428
-14.0488777 41.0689876 -1.7721154
-13.4993428 41.5545395 -1.7734944
-12.9253294 42.0562652 -1.7762185
-12.4043010 42.5116904 -1.7731005
-11.8413040 43.0009775 -1.7733037
-11.2096156 43.5570354 -1.7762400
-10.7172017 43.9875173 -1.7773370
-10.1877529 44.4469756 -1.7783784
-9.6648085 44.8964214 -1.7790459
-9.0776567 45.4042910 -1.7798322
-8.5205283 45.8867788 -1.7779650
-7.9580790 46.3788347 -1.7742279
-7.3635138 46.8973597 -1.7698778
-6.8069819 47.3777428 -1.7687209
-6.2801201 47.8266442 -1.7701123
-5.6505903 48.3633772 -1.7743375
-5.1383172 48.8003181 -1.7738542
-4.5760568 49.2831526 -1.7689164
-4.0023243 49.7690540 -1.7674778
-3.4453510 50.2360795 -1.7679136
-2.9106584 50.6826870 -1.7677422
-2.3073088 51.1851600 -1.7676053
-1.7639842 51.6343255 -1.7662081
-1.1930126 52.1206681 -1.7585815
-0.6162950 52.5899115 -1.7556680
0.0094856 53.0895139 -1.7555974
0.5180099 53.5002541 -1.7601262
1.1915314 54.0549480 -1.7678469
1.8353487 54.5791863 -1.7543531
2.2885619 54.9405068 -1.7469448
2.8513471 55.3930735 -1.7396038
3.3481482 55.7940548 -1.7357881
3.8759274 56.2218344 -1.7354816
4.4376853 56.6763814 -1.7334427
5.0111572 57.1326507 -1.7245336
5.7000246 57.6843714 -1.7092107
6.2112944 58.0972420 -1.7040656
6.7151987 58.4959554 -1.7090783
7.2895886 58.9467349 -1.7304094
7.8570969 59.3898090 -1.7250034
8.3698317 59.7983596 -1.6955793
8.9368304 60.2439369 -1.6701212
9.5238911 60.7003870 -1.6634267
10.0109921 61.0818785 -1.6639802
10.5452081 61.5033342 -1.6633266
11.0764796 61.9173011 -1.6626351
11.5625222 62.2993184 -1.6568883
12.1642721 62.7733426 -1.6507116
12.6426790 63.1494829 -1.6465396
13.1685730 63.5568473 -1.6418952
13.6951347 63.9620275 -1.6379034
14.2267650 64.3763771 -1.6336581
14.8150958 64.8347928 -1.6316005
15.3616185 65.2596701 -1.6308944
15.8380876 65.6290059 -1.6271618
16.4394235 66.0967718 -1.6221837
16.8710838 66.4272480 -1.6236082
17.3058108 66.7578740 -1.6225736
17.8096841 67.1366160 -1.6213214
18.2714574 67.4858706 -1.6218849
18.7961135 67.8812395 -1.6207565
19.3033638 68.2662892 -1.6163001
19.7374565 68.5826443 -1.6131084
20.2138239 68.9102849 -1.6117494
20.7396212 69.2473018 -1.6155234
21.2934440 69.5819481 -1.6342504
21.7007169 69.8708237 -1.6389752
22.1258762 70.1718205 -1.6495873
22.6362308 70.5110311 -1.6567599
23.1118084 70.7834277 -1.6789566
23.6311777 71.0401194 -1.7026899
24.0147240 71.2899314 -1.6693653
24.4860150 71.6026508 -1.6293150
24.9809843 71.9115485 -1.5997059
25.3874842 72.1303478 -1.5694642
25.8737596 72.3704477 -1.5771476
26.2939542 72.5864204 -1.5986451
26.7469281 72.8198598 -1.6112406
27.2155479 73.0582155 -1.5981384
27.6232630 73.2472391 -1.5824483
28.0620376 73.4453710 -1.5646924
28.4804313 73.6333701 -1.5649499
28.9327365 73.8395744 -1.5647335
29.3868233 74.0464730 -1.5641004
29.8023766 74.2309618 -1.5619352
30.2346804 74.4161254 -1.5574823
30.6251409 74.5830903 -1.5589438
31.0450116 74.7706058 -1.5629788
31.4676524 74.9632026 -1.5642800
31.9426731 75.1776425 -1.5645032
32.3304786 75.3498327 -1.5631269
32.8122140 75.5627436 -1.5590984
33.2200772 75.7453919 -1.5560600
33.6409731 75.9358221 -1.5563736
34.0476330 76.1217364 -1.5591266
34.6036009 76.3717097 -1.5623997
34.8935786 76.5008855 -1.5633670
35.3256759 76.6786384 -1.5620679
35.8419920 76.8913272 -1.5599547
36.2816723 77.0800705 -1.5583954
36.7082450 77.2661154 -1.5571853
37.1870614 77.4710044 -1.5541685
37.5932677 77.6430768 -1.5535831
38.0874052 77.8545268 -1.5524602
38.5544602 78.0548788 -1.5476812
39.0754633 78.2768379 -1.5416316
39.4876758 78.4512737 -1.5389904
39.9542782 78.6598741 -1.5392769
40.4555224 78.8937645 -1.5450330
40.9108540 79.1015618 -1.5471227
41.4266202 79.3014061 -1.5449009
41.9496801 79.5210307 -1.5385376
42.3767112 79.7347419 -1.5427093
42.7656656 79.9359105 -1.5508541
43.2921707 80.1807268 -1.5609118
43.7434240 80.3592739 -1.5840076
44.2236500 80.5421852 -1.5953865
44.6690477 80.7572637 -1.5690436
45.1003956 80.9875799 -1.5326743
45.6111378 81.2512293 -1.5118682
46.0705685 81.4616529 -1.5200830
46.5539340 81.6665480 -1.5297958
47.0060265 81.8692328 -1.5244267
47.3814156 82.0523065 -1.5171334
47.8351030 82.2791105 -1.5209621
48.2937108 82.4978578 -1.5264105
48.8178960 82.7305721 -1.5307336
49.2039474 82.8994503 -1.5312110
49.7205803 83.1330340 -1.5291722
50.1446087 83.3329672 -1.5242397
50.5942843 83.5445328 -1.5203042
51.0465817 83.7556102 -1.5160983
51.5438511 83.9794377 -1.5126755
52.0202555 84.1920065 -1.5126037
52.4514824 84.3877170 -1.5130841
52.9545194 84.6246007 -1.5096365
53.4084655 84.8330987 -1.5056976
53.8739143 85.0418641 -1.5050941
54.3733043 85.2673612 -1.5030432
54.8014365 85.4541869 -1.5051032
55.3059066 85.6792042 -1.5083449
55.7302865 85.8703125 -1.5086015
56.1990534 86.0853535 -1.5049295
56.6700237 86.3004500 -1.4983474
57.1486417 86.5092773 -1.4989583
57.7225719 86.7637961 -1.4956356
58.1354944 86.9462789 -1.4940555
58.5787427 87.1457729 -1.4949399
59.0898228 87.3740197 -1.4988119
59.5291595 87.5717153 -1.5020165
60.1028018 87.8251097 -1.5024406
60.6178958 88.0490561 -1.5027195
61.0303681 88.2279725 -1.5024250
61.4536630 88.4142629 -1.5001873
61.9281087 88.6258401 -1.4980071
62.4401662 88.8521144 -1.5009949
62.8618384 89.0331378 -1.5048931
63.3992533 89.2679475 -1.5080019
63.8343296 89.4622813 -1.5106893
64.2798456 89.6651290 -1.5100099
64.7583599 89.8761733 -1.5118375
65.1795265 90.0581167 -1.5086615
65.6488296 90.2585603 -1.5107011
66.0892926 90.4520445 -1.5148708
66.5145895 90.6434632 -1.5179120
67.0064617 90.8689080 -1.5169928
67.4446544 91.0575335 -1.5141410
67.8308457 91.2265518 -1.5084191
68.2586899 91.4122450 -1.5071180
68.7042762 91.6051764 -1.5084147
69.1198442 91.7873957 -1.5085611
69.5134497 91.9623196 -1.5133827
69.9475784 92.1555432 -1.5094846
70.3612243 92.3383658 -1.5060672
70.7515206 92.5111643 -1.5031158
71.1866895 92.7040050 -1.4966974
71.5248544 92.8520715 -1.4945079
71.9353848 93.0347147 -1.4987663
72.3469260 93.2199972 -1.5066358
72.7702045 93.4109399 -1.5104907
73.1783474 93.5942329 -1.5051563
73.5440997 93.7569272 -1.4981368
73.9978935 93.9588540 -1.4878367
74.3816031 94.1308645 -1.4837332
74.7674375 94.3029185 -1.4805461
75.2008300 94.4937798 -1.4857466
75.6383389 94.6885591 -1.4886105
75.9993271 94.8503034 -1.4910070
76.4094839 95.0353939 -1.4914513
76.7527329 95.1894970 -1.4897434
77.1631028 95.3756697 -1.4871281
77.5431824 95.5449862 -1.4895587
78.0569224 95.7770900 -1.4994013
78.3901818 95.9280816 -1.5041764
78.7749994 96.1027687 -1.5010977
79.2170086 96.2998370 -1.4977802
79.5433002 96.4482786 -1.4970951
79.9239808 96.6189281 -1.5017023
80.2916132 96.7850395 -1.5017327
80.6925452 96.9662623 -1.5012827
81.0882571 97.1425679 -1.5016331
81.5052588 97.3274403 -1.5008405
81.8624379 97.4906782 -1.5011033
82.1915585 97.6413640 -1.4994738
82.5602614 97.8079220 -1.4971060
82.9655676 97.9861294 -1.4931396
83.3356662 98.1501525 -1.4917946
83.6568866 98.2953083 -1.4882093
83.9875771 98.4472227 -1.4878012
84.3162162 98.5980044 -1.4903845
84.6285771 98.7385187 -1.4936322
84.9595411 98.8890658 -1.4935881
85.2487091 99.0209509 -1.4928397
85.5627435 99.1646626 -1.4904347
85.8394434 99.2916336 -1.4908058
86.1637566 99.4400670 -1.4957376
86.3680613 99.5356213 -1.4981389
86.6872338 99.6768496 -1.4990332
86.9111007 99.7758359 -1.5005324
87.1925884 99.9011750 -1.5042450
87.4202914 100.0080001 -1.5100134
87.6683940 100.1316864 -1.5155269
87.9236634 100.2440434 -1.5181161
88.1770612 100.3491547 -1.5198478
88.4543712 100.4699113 -1.5234519
88.6947125 100.5873873 -1.5261772
88.8704464 100.6761691 -1.5270582
89.1147084 100.8047419 -1.5361412
89.3227110 100.9066652 -1.5448686
89.5494191 101.0125465 -1.5533166
89.7591599 101.1128393 -1.5605865
89.9629723 101.2258405 -1.5618638
90.1724973 101.3415757 -1.5731049
90.4008787 101.4652776 -1.5884255
90.5903385 101.5553751 -1.5956852
90.8215145 101.6760288 -1.5847838
91.0149238 101.7801132 -1.5862018
91.1893655 101.8700715 -1.5855241
91.4085949 101.9816838 -1.5836521
91.6080826 102.0742773 -1.5841448
91.7971226 102.1561532 -1.5818966
92.0149987 102.2523647 -1.5743305
92.2065126 102.3473477 -1.5649591
92.3701030 102.4324817 -1.5638637
92.5583868 102.5336971 -1.5602236
92.7599545 102.6347005 -1.5588569
92.9389797 102.7177718 -1.5595185
93.1388841 102.8107432 -1.5560910
93.3310972 102.9039180 -1.5554308
93.5305032 103.0005179 -1.5577602
93.7331468 103.0929327 -1.5600049
93.9515942 103.1940677 -1.5586377
94.1861012 103.3073963 -1.5567540
94.3829594 103.4053023 -1.5560915
94.6070207 103.5134495 -1.5590363
94.8521486 103.6351593 -1.5634103
95.0685958 103.7370439 -1.5678692
95.3489783 103.8692909 -1.5691588
95.5471994 103.9630764 -1.5700151
95.8162626 104.0895575 -1.5641967
96.1263532 104.2334338 -1.5609181
96.3472808 104.3357579 -1.5610439
96.6421420 104.4774393 -1.5618260
96.8894758 104.5922792 -1.5659355
97.1628125 104.7188641 -1.5678925
97.5126330 104.8838739 -1.5698245
97.7926620 105.0183501 -1.5677177
98.0783126 105.1549749 -1.5643455
98.3677143 105.2899918 -1.5647517
98.6571655 105.4207734 -1.5664014
98.9500341 105.5540596 -1.5719702
99.2588497 105.6902274 -1.5707714
99.5661826 105.8236202 -1.5685793
99.9231562 105.9853190 -1.5700250
100.1820772 106.1053749 -1.5734252
100.5454617 106.2741239 -1.5883438
100.8372084 106.4116725 -1.5913147
101.1219102 106.5422210 -1.5861412
101.4470204 106.6919023 -1.5797998
101.7629753 106.8348307 -1.5733241
102.1099279 106.9967911 -1.5715765
102.3914495 107.1310697 -1.5716962
102.7278604 107.2846374 -1.5725403
102.9833883 107.3864000 -1.5768304
103.2832646 107.5044001 -1.5847889
103.6843125 107.6749907 -1.5912895
103.9328514 107.7954122 -1.5949589
104.1566957 107.9048773 -1.5978975
104.4435716 108.0360952 -1.6055596
104.7490720 108.1705929 -1.6088939
105.0167347 108.2812330 -1.6053095
105.2887647 108.3850861 -1.5987575
105.5730883 108.4903231 -1.5886498
105.8540164 108.5915957 -1.5785465
106.1049916 108.6897637 -1.5740543
106.3975758 108.7988862 -1.5829993
106.6723464 108.8885332 -1.5857461
106.9262914 108.9573895 -1.5807862
107.1826889 109.0233035 -1.5775748
107.4294483 109.0796876 -1.5777658
107.6963555 109.1261356 -1.5826397
107.9680557 109.1670557 -1.5805302
108.2297129 109.1929177 -1.5735603
108.5257078 109.2077594 -1.5687286
108.7756636 109.2095731 -1.5695770
109.0296489 109.2012586 -1.5701937
109.2656672 109.1834015 -1.5707871
109.5114194 109.1438958 -1.5702052
109.7877336 109.0919979 -1.5672859
110.0099142 109.0411406 -1.5668685
110.2848157 108.9702840 -1.5662886
110.5205141 108.9032963 -1.5669710
110.7337716 108.8393255 -1.5691512
110.9779917 108.7531952 -1.5742829
111.1946032 108.6632779 -1.5800562
111.4422452 108.5484056 -1.5851465
111.6738864 108.4380228 -1.5847450
111.9029540 108.3175903 -1.5760998
112.1624836 108.1820293 -1.5629660
112.3922253 108.0581780 -1.5516994
112.6369512 107.9159968 -1.5442368
112.8855295 107.7596958 -1.5414481
113.1125402 107.6059544 -1.5369442
113.3932041 107.4028802 -1.5245480
113.6116324 107.2391946 -1.5082356
113.8401340 107.0684630 -1.4923916
114.0643793 106.9013687 -1.4805385
114.3104505 106.7133895 -1.4730204
114.5939491 106.4987732 -1.4673870
114.8133564 106.3269001 -1.4647851
115.0700705 106.1157422 -1.4579546
115.3008399 105.9208569 -1.4506798
115.5467503 105.7077486 -1.4427747
115.7784512 105.4975181 -1.4310108
116.0031343 105.2861879 -1.4190696
116.2492229 105.0488410 -1.4097932
116.4658232 104.8353555 -1.4048054
116.6823738 104.6110663 -1.3984990
116.8840580 104.3869987 -1.3903293
117.0901634 104.1537723 -1.3790261
117.2758150 103.9274354 -1.3701770
117.4641106 103.6714688 -1.3621531
117.6600365 103.3868436 -1.3569417
117.8195992 103.1569046 -1.3519915
118.0176725 102.8793349 -1.3447361
118.2046793 102.6055419 -1.3326895
118.3815242 102.3140354 -1.3181495
118.4994758 102.1053631 -1.3079403
118.6591451 101.8097530 -1.2916192
118.8014083 101.5263542 -1.2792827
118.9424260 101.2573686 -1.2747628
119.0969839 100.9627702 -1.2790609
119.2599998 100.6487843 -1.2731501
119.4124319 100.3407600 -1.2536850
119.5604894 100.0250912 -1.2294443
119.7209670 99.6859949 -1.2093798
119.8610387 99.3869859 -1.1955933
120.0136188 99.0472117 -1.1876259
120.1531490 98.7343828 -1.1840703
120.3087396 98.3907753 -1.1812477
120.4479904 98.0893881 -1.1788173
120.6001717 97.7515872 -1.1693159
120.7478565 97.4253307 -1.1618131
120.9050323 97.0796349 -1.1555553
121.0760458 96.7147840 -1.1432630
121.2529596 96.3383348 -1.1284922
121.4028840 96.0192666 -1.1221582
121.5662125 95.6749888 -1.1150264
121.7245318 95.3445382 -1.1132233
121.8649195 95.0386745 -1.1011210
122.0260772 94.6817692 -1.0734874
122.2067225 94.3178684 -1.0415976
122.3774782 93.9471926 -1.0210556
122.5159211 93.6596637 -1.0024968
122.6589940 93.3511058 -0.9921761
122.8161215 93.0114404 -0.9764265
122.9477446 92.7500537 -0.9258542
123.0940339 92.4275041 -0.8999114
123.2128503 92.1703585 -0.9193925
123.3625147 91.8625838 -0.9443295
123.4893039 91.6005964 -0.9375108
123.6104450 91.3456041 -0.9058535
123.7360424 91.0782228 -0.8687758
123.8715470 90.7814995 -0.8461017
123.9867044 90.5272550 -0.8340247
124.1328156 90.2016952 -0.8215435
124.2541959 89.9543607 -0.8125616
124.3764741 89.7117095 -0.8056575
124.4889065 89.4495564 -0.7921671
124.5921736 89.1507951 -0.7763841
124.6862294 88.8808848 -0.7652390
124.7999203 88.5840434 -0.7529854
124.9423351 88.2758147 -0.7374148
125.0538780 88.0553785 -0.7318802
125.1681244 87.7906896 -0.7353191
125.2712175 87.4938801 -0.7293052
125.3475101 87.2695263 -0.7151260
125.4362219 87.0183457 -0.6987438
125.5195823 86.7984048 -0.6932947
125.6040765 86.5836140 -0.6889021
125.6896111 86.3390929 -0.6841667
125.7640194 86.0944623 -0.6739709
125.8277297 85.8503747 -0.6695435
125.8815002 85.6105949 -0.6745221
125.9462079 85.3957334 -0.6700884
126.0256207 85.0870692 -0.6608874
126.0636642 84.8853552 -0.6500640
126.0945849 84.5950967 -0.6276497
126.1060933 84.3602715 -0.5999936
126.1265057 84.1004402 -0.5700546
126.1486160 83.8576459 -0.5524608
126.1603387 83.6129739 -0.5439529
126.1504633 83.3776130 -0.5340137
126.1142656 83.1277586 -0.5236949
126.0742345 82.9086852 -0.5057270
126.0283712 82.6643078 -0.5099425
125.9983090 82.4803831 -0.5003818
125.9389716 82.2450824 -0.4811533
125.8680424 82.0585959 -0.4741266
125.7743460 81.8606681 -0.4693530
125.6752960 81.6584623 -0.4636518
125.5847323 81.4679443 -0.4575516
125.4877286 81.2742598 -0.4530201
125.3864769 81.1011169 -0.4499362
125.2619402 80.9177235 -0.4463629
125.1177397 80.7285805 -0.4410365
124.9892691 80.5711842 -0.4356973
124.8341492 80.4003468 -0.4302031
124.6514075 80.2128459 -0.4258937
124.4820932 80.0429893 -0.4228797
124.3164144 79.8732523 -0.4214926
124.1530771 79.6908592 -0.4174572
123.9904436 79.5080271 -0.4129493
123.7973971 79.3238145 -0.4033487
123.6016949 79.1807903 -0.3953909
123.3792383 79.0502408 -0.3948424
123.1853302 78.9381978 -0.3967958
122.9918378 78.8234815 -0.4003846
122.7914371 78.6917507 -0.4024315
122.6197636 78.5840640 -0.4074010
122.4082473 78.4623740 -0.4105633
122.1906953 78.3450078 -0.4062333
121.9957356 78.2388720 -0.3973475
121.7732095 78.1174391 -0.3742821
121.5351394 77.9956992 -0.3432328
121.3292089 77.8994271 -0.3104981
121.1143459 77.8010036 -0.2902882
120.8876814 77.7010359 -0.2854001
120.6677673 77.6075341 -0.2857088
120.4337008 77.5112999 -0.2857544
120.1969860 77.4158783 -0.2844251
119.9696483 77.3241625 -0.2820496
119.7544578 77.2360684 -0.2811945
119.5184361 77.1372050 -0.2895111
119.2893767 77.0371314 -0.3052110
119.0384662 76.9308708 -0.3343838
118.8380786 76.8472363 -0.3650425
118.5677396 76.7316429 -0.4055251
118.3129707 76.6214056 -0.4170642
118.0607919 76.5140158 -0.4091308
117.7937474 76.3979771 -0.3999382
117.5251383 76.2766647 -0.3975967
117.2469249 76.1488943 -0.3971274
116.9804831 76.0272885 -0.3955212
116.6942111 75.8993733 -0.3936298
116.3497656 75.7468731 -0.3911355
116.0655961 75.6203895 -0.3876459
115.7883247 75.4931077 -0.3821916
115.4373507 75.3299807 -0.3765561
115.1378263 75.1894158 -0.3705958
114.7765571 75.0195343 -0.3645873
114.4604791 74.8730084 -0.3591565
114.1803474 74.7463222 -0.3524895
113.8347635 74.5942559 -0.3426657
113.4769141 74.4361168 -0.3305792
113.0730435 74.2539585 -0.3158438
112.7887552 74.1244039 -0.3075051
112.4474653 73.9638271 -0.2951312
112.1034206 73.8053481 -0.2847907
111.7677117 73.6517854 -0.2745682
111.4154275 73.4893513 -0.2623608
111.0710957 73.3285044 -0.2509806
110.6721102 73.1425492 -0.2375160
110.3362365 72.9872699 -0.2255997
109.9703954 72.8228595 -0.2126204
109.5846356 72.6520387 -0.1951863
109.2480870 72.5033750 -0.1805060
108.8878142 72.3402963 -0.1624806
108.4799367 72.1540246 -0.1437829
108.1702972 72.0138551 -0.1330720
107.7980403 71.8472737 -0.1177632
107.4390093 71.6921745 -0.0976254
107.0638587 71.5331013 -0.0761874
106.6813998 71.3718863 -0.0569515
106.2745515 71.1954672 -0.0369125
105.8479650 71.0060293 -0.0139390
105.5126318 70.8623386 0.0045305
105.1389231 70.7055708 0.0195065
104.7470123 70.5446221 0.0295141
104.3512603 70.3802814 0.0434581
103.8807833 70.1844265 0.0651146
103.4794918 70.0143768 0.0803848
103.1263327 69.8685258 0.0895177
102.7153336 69.7012032 0.1038845
102.3527312 69.5545221 0.1211335
101.8787342 69.3628346 0.1442546
101.4665339 69.1959424 0.1618252
101.1155265 69.0548801 0.1742893
100.6495393 68.8659320 0.1925655
100.2312263 68.6954120 0.2118867
99.8372795 68.5381487 0.2305409
99.4393312 68.3796665 0.2476621
99.0263684 68.2125349 0.2654986
98.6058345 68.0400396 0.2837303
98.1851281 67.8665969 0.3018245
97.6826508 67.6621540 0.3214136
97.3076033 67.5111004 0.3346228
96.8802881 67.3324172 0.3482075
96.4303818 67.1405223 0.3622843
96.0582116 66.9793251 0.3753884
95.5843221 66.7752525 0.3963299
95.1916780 66.6072632 0.4122443
94.6961099 66.3953253 0.4289824
94.2811578 66.2160009 0.4419213
93.8075705 66.0075124 0.4582745
93.3171828 65.7892911 0.4736921
92.9823054 65.6410588 0.4835200
92.5610145 65.4537925 0.4963419
92.1233598 65.2578334 0.5117042
91.5931037 65.0178378 0.5322534
91.2411094 64.8568908 0.5451803
90.7660060 64.6381570 0.5604571
90.3659511 64.4523077 0.5739923
89.8882166 64.2288004 0.5927698
89.4871701 64.0426740 0.6096996
88.9753613 63.8075505 0.6295788
88.5959489 63.6307081 0.6446200
88.0872361 63.3873810 0.6657306
87.6508621 63.1807869 0.6841590
87.1718512 62.9573252 0.7012719
86.6614376 62.7214754 0.7235232
86.2706237 62.5426146 0.7404965
85.8343727 62.3441756 0.7599078
85.4177721 62.1579854 0.7750061
84.9051568 61.9309310 0.7953782
84.3817906 61.7017377 0.8152847
83.9560399 61.5162862 0.8300437
83.5101696 61.3268119 0.8454607
83.0704722 61.1406573 0.8613052
82.6288312 60.9553861 0.8768376
82.1018673 60.7358253 0.8950221
81.6839415 60.5640377 0.9104657
81.1983571 60.3599047 0.9309324
80.7032001 60.1484115 0.9517844
80.2241642 59.9456781 0.9711650
79.7379659 59.7431105 0.9927538
79.1960646 59.5239209 1.0234105
78.8390133 59.3780834 1.0405792
78.2815660 59.1503743 1.0626311
77.8758006 58.9800174 1.0807115
77.3654070 58.7692109 1.1050391
76.8403026 58.5581427 1.1284215
76.4159863 58.3894945 1.1459805
75.8682406 58.1694471 1.1683264
75.3914724 57.9737937 1.1869282
74.8698036 57.7586031 1.2052242
74.3976302 57.5637773 1.2239596
73.8745776 57.3346238 1.2455332
73.3630943 57.1107298 1.2646342
72.8837050 56.8974682 1.2827177
72.3443740 56.6511878 1.3045383
71.8765746 56.4382113 1.3223347
71.3577224 56.2038138 1.3425930
70.8659129 55.9822171 1.3618765
70.3509565 55.7507480 1.3823376
69.7657623 55.4853888 1.4043194
69.2882727 55.2675710 1.4229305
68.7983003 55.0413088 1.4446276
68.3305941 54.8281257 1.4647666
67.7813755 54.5787801 1.4836396
67.3003137 54.3558966 1.5012858
66.7800680 54.1147675 1.5185216
66.2665297 53.8797712 1.5354285
65.7754714 53.6572973 1.5488280
65.2280251 53.4080924 1.5658473
64.6763556 53.1537918 1.5845143
64.2380637 52.9475507 1.6003072
63.7259758 52.7067155 1.6171526
63.1843646 52.4540126 1.6331926
62.7012326 52.2314942 1.6473161
62.1798392 51.9892501 1.6664082
61.6643906 51.7489597 1.6856538
61.1502232 51.5095169 1.7031294
60.6009912 51.2547659 1.7200068
60.0800843 51.0122513 1.7360778
59.4869082 50.7367336 1.7549172
59.0208526 50.5189214 1.7712501
58.5113515 50.2749195 1.7904225
57.9432534 49.9979257 1.8125557
57.4739986 49.7692574 1.8305874
56.8598107 49.4662640 1.8550583
56.4043395 49.2390963 1.8733882
55.8644131 48.9647342 1.8935987
55.3702421 48.7090845 1.9103019
54.8371456 48.4340849 1.9283512
54.2508967 48.1341385 1.9495605
53.7415579 47.8723852 1.9680954
53.2092662 47.6048868 1.9846540
52.6516152 47.3222863 1.9997139
52.1076653 47.0448295 2.0136117
51.6524477 46.8124117 2.0236011
51.2097074 46.5855199 2.0327671
50.6613151 46.3062482 2.0435678
50.1542456 46.0484741 2.0541661
49.6275354 45.7809018 2.0669876
49.0475270 45.4812108 2.0826798
48.5679283 45.2283656 2.0955141
48.0657172 44.9617312 2.1067828
47.5299264 44.6796021 2.1184862
46.9817116 44.3928269 2.1313257
46.3844739 44.0750484 2.1450635
45.8873912 43.8048471 2.1564840
45.4117123 43.5436433 2.1658978
44.8915562 43.2601245 2.1767922
44.3674687 42.9757536 2.1904947
43.8163294 42.6772460 2.2039658
43.3532010 42.4157443 2.2183084
42.8145338 42.0838032 2.2345651
42.3834884 41.8189078 2.2434542
41.9108824 41.5262332 2.2545906
41.4071291 41.2132275 2.2681195
40.9101906 40.9070928 2.2789618
40.4066607 40.5947803 2.2896981
39.9024233 40.2784341 2.3008849
39.4337852 39.9854866 2.3118488
38.8786587 39.6412163 2.3249907
38.4520980 39.3794225 2.3354323
37.9200845 39.0534567 2.3479179
37.4780532 38.7807708 2.3582209
36.9678967 38.4627203 2.3696169
36.5172468 38.1824229 2.3778746
35.9876693 37.8577787 2.3851059
35.5893897 37.6143812 2.3912005
35.0728518 37.2929514 2.4003840
34.6530765 37.0259076 2.4097932
34.1083315 36.6775000 2.4200803
33.7066193 36.4213333 2.4284262
33.2836482 36.1542990 2.4384554
32.8272051 35.8623580 2.4517489
32.4130488 35.5940360 2.4604813
32.0371703 35.3419961 2.4688359
31.5771258 35.0295386 2.4813962
31.1221654 34.7207513 2.4979960
30.7554434 34.4691486 2.5125054
30.4187994 34.2372280 2.5243813
29.9704429 33.9184616 2.5413336
29.6098697 33.6619907 2.5540300
29.2772500 33.4254287 2.5673322
28.9028420 33.1542702 2.5841985
28.5621749 32.9060164 2.5966397
28.2124950 32.6481697 2.6067273
27.8422683 32.3776013 2.6209327
27.5364444 32.1417797 2.6317855
27.2306710 31.8998164 2.6371141
26.9418245 31.6679767 2.6481643
26.5721612 31.3847011 2.6694377
26.2668929 31.1484589 2.7049246
25.9710605 30.9302279 2.7241909
25.6653658 30.7056539 2.7203234
25.3623724 30.4687858 2.7649084
25.0575632 30.2223250 2.8423848
24.7712633 29.9890128 2.8902624
24.4922522 29.7606718 2.8916640
24.2442132 29.5608113 2.8723039
23.9665656 29.3384079 2.8524139
23.6871025 29.1135041 2.8376633
23.4400609 28.9119588 2.8125747
23.1953345 28.7116080 2.7584116
22.9118876 28.4785284 2.7323579
22.6623601 28.2716916 2.7584213
22.3979370 28.0484580 2.7995378
22.1126987 27.8092869 2.8211087
21.8886952 27.6212901 2.8191195
21.6415250 27.4069799 2.8146509
21.4225143 27.2178581 2.8141935
21.1224996 26.9576469 2.8250206
20.8915469 26.7583839 2.8358764
20.6861318 26.5819375 2.8432287
20.4522713 26.3783750 2.8484247
20.2212171 26.1719293 2.8527990
19.9758084 25.9503163 2.8581805
19.7540841 25.7500628 2.8640712
19.5662570 25.5812622 2.8691398
19.3258358 25.3642721 2.8736476
19.1293974 25.1846548 2.8769049
18.9271422 24.9937187 2.8827463
18.7742456 24.8456613 2.8877755
18.6110012 24.6876902 2.8914107
18.4557902 24.5359567 2.8955557
18.3299029 24.4127745 2.8993442
18.2071805 24.2913673 2.9030641
18.0988426 24.1832453 2.9068336
18.0030542 24.0857567 2.9107428
17.9109145 23.9912066 2.9139465
17.8421685 23.9196530 2.9169352
17.7683268 23.8420773 2.9210068
17.7146696 23.7847063 2.9240624
17.6587700 23.7232287 2.9281599
17.6191393 23.6774843 2.9319224
17.5850271 23.6363589 2.9356159
17.5494730 23.5907402 2.9403904
17.5325462 23.5669092 2.9435335
17.5152242 23.5393359 2.9474311
17.5039113 23.5170745 2.9511074
17.4980365 23.4981097 2.9554152
17.4988120 23.4865891 2.9590935
17.5048366 23.4796342 2.9623185
17.5147024 23.4732858 2.9673615
17.5182215 23.4672190 2.9706682
17.5214411 23.4595144 2.9745851
17.5251952 23.4538887 2.9776475
17.5283618 23.4470981 2.9809280
17.5319586 23.4395677 2.9851986
17.5363273 23.4323804 2.9888994
17.5396534 23.4266939 2.9919546
17.5435999 23.4193425 2.9962112
17.5470242 23.4131735 2.9995519
17.5485992 23.4075415 3.0027856
17.5502684 23.4008106 3.0066366
17.5518171 23.3951249 3.0099489
17.5537945 23.3885806 3.0138159
17.5555413 23.3825446 3.0174327
17.5572415 23.3769555 3.0207674
17.5592005 23.3710183 3.0244110
17.5609360 23.3655362 3.0277824
17.5634368 23.3582061 3.0323176
17.5648403 23.3544195 3.0347225
17.5648403 23.3544195 3.0347225
17.5648403 23.3544195 3.0347225
