20.9188101 0.1507048 1.7311079
21.5954869 1.4616022 1.7277205
23.6803395 2.7169439 1.7573316
26.3507560 6.4201646 1.6766175
23.5790709 3.3581473 1.6599240
26.1705489 8.2922977 1.7224410
19.7602647 -2.5663740 1.7619513
22.3719284 3.7423053 1.6640907
20.4693941 -2.9742428 1.7274781
24.5703782 1.5355265 1.4893660
23.1828276 4.8598095 1.7142235
19.7380938 1.0854174 1.7621785
22.0378100 0.9833188 1.5883065
23.0876251 3.4396475 1.6382603
18.9470999 -2.5145776 1.7430547
23.2157924 2.7486218 1.6198591
23.0243099 -0.4840805 1.5457860
21.0775928 -0.2036488 1.6115401
22.4666494 1.7005594 1.6674123
20.4215058 -2.7268308 1.6208766
25.0594811 3.2052214 1.4829568
22.1940841 -3.3283211 1.6113222
25.1518702 2.8155548 1.5547972
23.6258617 5.1208334 1.4832422
21.8199432 0.0695896 1.6204928
19.9221412 -0.6668869 1.6799849
20.7277560 3.2068039 1.6800922
20.4426079 1.8523152 1.6415963
24.8528145 7.7932928 1.6025708
20.3857298 1.9032808 1.7080361
17.8880532 -1.4042747 1.7251730
20.6420512 1.4777762 1.7661917
19.8421823 4.3022491 1.7273635
19.7474303 0.1512737 1.6748863
18.9711324 2.1630843 1.7899194
18.3727196 0.4022880 1.8137025
19.1160118 2.6282149 1.7344309
18.5799592 2.8543378 1.7444011
20.6016909 3.1930029 1.7182034
17.6211255 1.7417575 1.6671560
19.8836843 2.9180902 1.7061573
21.0280262 3.2204592 1.6915167
16.1308841 -0.4454224 1.7447166
22.0759996 3.0448304 1.5821440
21.1377281 4.4977381 1.6187726
23.2424241 3.1184379 1.5220667
21.0280416 3.9849213 1.6504685
21.7821378 4.2941341 1.5669304
21.3046283 3.5953728 1.6407800
23.7821755 5.4328042 1.6774367
21.7811794 5.2825973 1.6388368
21.5851390 2.3786966 1.6132922
24.4057172 4.7379518 1.5921657
29.4474373 9.7881005 1.4355272
21.5675922 2.6038511 1.5969117
20.2189687 3.0625630 1.6268753
21.8007711 3.8930731 1.5829442
27.7883988 7.9513851 1.5148751
18.7381103 1.3778843 1.7023330
21.5291375 5.6438428 1.6234222
18.6512617 3.6557081 1.6302818
19.2502585 6.4486460 1.6956732
18.5715104 5.9289366 1.6635378
23.6055060 6.8920952 1.5715635
23.7055445 9.2618567 1.5337730
17.4307603 -0.3833262 1.6166195
22.9601467 5.7831737 1.5052489
25.7043501 5.0008459 1.4395970
20.9801291 2.5076278 1.5316745
17.1588276 0.7996359 1.6380660
19.9662754 4.2024328 1.5341997
7.0149810 -8.2333445 1.7924214
7.7882299 -5.7960330 1.7642489
0.2156340 -12.8255099 1.9377409
0.6496990 -12.7492729 1.8942050
-5.6953007 -21.8017112 2.0392122
-4.9641296 -18.4152223 2.0520992
-5.0727345 -23.7506673 1.9613715
-5.4235683 -25.6889568 1.9590577
-0.1077118 -16.8749434 1.8885236
-6.2358858 -22.7939639 1.9764707
0.2536129 -20.7249988 1.8031695
-2.3940099 -22.4671421 1.8118147
-0.3913290 -25.3546773 1.7707267
-8.1534152 -30.3022263 1.8633361
-0.9805098 -24.4694477 1.6577599
-1.3772952 -19.7539317 1.7740041
-0.6443262 -19.5857406 1.6725940
1.4718836 -14.4945093 1.7481540
5.0661644 -9.0510788 1.7096971
7.4027634 -10.4536921 1.6323273
6.3263791 -10.0420682 1.6548707
3.7600687 -13.9788845 1.7612558
4.4654893 -10.9715973 1.6578172
2.1855449 -15.1149657 1.7856708
3.0859844 -14.0505630 1.6760971
1.5945800 -17.2257319 1.7291845
5.2795700 -11.6588071 1.7330019
2.8770561 -12.4796648 1.6929925
2.3061473 -14.7187836 1.6999090
2.7789978 -15.4616148 1.6367247
10.0135432 -8.4439969 1.5730738
-1.9769380 -16.0784763 1.7057318
-0.5264718 -15.8957960 1.7444203
-4.5931195 -18.5233078 1.8059980
-2.4900024 -14.9218016 1.7952650
-1.5360111 -17.4534586 1.7395969
-0.8460059 -10.6005234 1.7816719
-5.9753609 -16.8436431 1.8066499
-6.2897916 -18.2896022 1.8530461
-8.5209656 -15.9057219 1.9444458
-8.1499472 -17.9466223 1.7795160
-8.1694886 -18.1367384 1.7701321
-6.6427232 -13.4873276 1.7548799
-5.0615916 -15.4491393 1.6761494
-3.4261187 -14.2892473 1.5888719
-2.5921404 -13.8794751 1.6211058
-0.5486777 -10.3431752 1.5383729
-0.6715549 -9.7589540 1.4867612
-6.6951103 -15.3940416 1.6319211
-7.2654467 -24.8846641 1.5678281
-3.7688349 -18.2718507 1.5226802
-7.5337336 -21.4871347 1.4613576
-10.8890561 -25.7156718 1.5194498
-5.4859588 -21.8943524 1.3504678
-13.0819212 -34.2991897 1.4437933
-13.0600837 -36.9654911 1.5481692
-14.9342971 -35.5355318 1.5090599
-16.3306885 -40.6332134 1.5132931
-21.0769767 -50.3425321 1.6573458
-21.5430142 -43.6331513 1.6668475
-24.9324598 -47.2328837 1.7793303
-24.3934768 -46.3574753 1.7758801
-23.7568645 -43.7037480 1.7864586
-22.4426103 -41.3060704 1.8244398
-26.5806711 -46.8064283 1.8676939
-25.8323673 -44.9071283 1.8059270
-19.1484445 -38.4228598 1.7125469
-20.8792205 -42.3922020 1.6996179
-13.8222709 -34.8454155 1.5542509
-17.2063239 -41.8830312 1.6273293
-12.9985418 -36.9058387 1.5815971
-20.9536388 -43.5505090 1.6862531
-17.8993440 -39.7174389 1.6202067
-25.0292677 -45.3810445 1.8166861
-27.8380030 -52.0042747 1.8388698
-27.8506209 -54.3211714 1.8123121
-26.0921005 -46.7984126 1.8200027
-28.4643646 -48.4971980 1.8705731
-31.1575659 -52.2702891 1.9155264
-29.9499177 -54.8647001 1.8830808
-30.9900894 -56.2138055 1.9786715
-28.3019604 -52.9568581 1.8558025
-31.2540006 -55.6454744 1.9777321
-31.7809884 -60.1038481 1.9051690
-29.2934068 -53.7687499 1.9057067
-27.1352974 -51.5560477 1.8460053
-26.6449513 -50.3767097 1.8303836
-28.0628678 -54.0816064 1.8576459
-25.9563257 -48.3970869 1.8255081
-25.0115795 -44.9935908 1.8473755
-26.5533859 -47.9286086 1.8994786
-28.3440454 -47.6855108 1.9387673
-26.2201486 -45.3877007 1.9224136
-23.6879800 -40.4348672 1.9263305
-26.4586030 -44.7648043 1.9208375
-28.0215733 -43.2808692 2.0040241
-26.1340640 -45.5273885 1.8727803
-26.8130020 -44.4214394 1.9428368
-29.7001062 -45.8094490 2.0561782
-30.4874830 -49.9135087 1.9889666
-33.7186428 -50.4471457 2.1443704
-33.0877631 -51.2322811 2.1906816
-33.9270737 -47.5642226 2.1617549
-35.1893962 -56.1087144 2.1427515
-36.2671348 -56.4264826 2.1102055
-37.3688109 -58.3393631 2.0901698
-37.5952678 -62.9837062 2.0311879
-39.3199754 -64.8478541 2.1415967
-39.4099443 -64.0003520 2.0543553
-43.8649432 -68.4514750 2.2100137
-44.6403910 -70.4107004 2.1527464
-45.8787826 -75.2047887 2.1665387
-48.4549595 -82.5349463 2.1034379
-51.1814306 -84.6445845 2.1583224
-50.7612961 -79.1053857 2.1449295
-55.3390344 -87.7064017 2.2286017
-52.9935543 -83.8677182 2.1704244
-51.7081091 -85.4559404 2.0905394
-51.2233080 -79.6481250 2.0693622
-52.4019573 -88.8069957 2.1395847
-55.5363998 -88.2375341 2.2430585
-55.2088752 -91.4118052 2.2583902
-53.6143180 -90.3386742 2.2101113
-55.1962661 -90.5470340 2.1704920
-52.3683697 -87.6560757 2.1793484
-57.4333560 -90.7242275 2.2773711
-48.5092650 -85.2744100 2.0956062
-54.0859535 -88.8297125 2.0556999
-54.6019264 -88.0566762 2.1138901
-55.7886006 -90.6259827 2.0877594
-48.4484187 -85.1687391 1.9335583
-54.2936712 -87.7522253 2.0893385
-46.7470170 -84.0870028 1.8836246
-51.5839343 -86.3192205 1.9733973
-46.0531997 -83.5143934 1.8520665
-52.7094486 -85.5246660 1.9458499
-49.1979371 -82.5598462 1.9015561
-51.0048758 -83.9098190 1.9441366
-50.2389015 -82.7165643 1.9058626
-50.1849670 -83.5788602 1.8932342
-48.4502824 -83.4962666 1.8760981
-48.0754128 -81.8308500 1.8524142
-45.9778363 -80.2260653 1.7824998
-48.5826631 -84.0725404 1.8907086
-43.1823262 -80.4927034 1.8301610
-44.5912263 -84.4655198 1.8219342
-42.6335386 -84.4572459 1.7488464
-44.7441659 -83.1870404 1.8309307
-44.1729909 -84.4232047 1.7873815
-45.8987806 -84.5771258 1.8778612
-44.2928773 -85.3886474 1.8208313
-38.2289895 -87.1837675 1.7328347
-44.3961664 -88.3659999 1.8136834
-47.0685925 -92.1993916 1.8338306
-40.2042109 -89.1793633 1.7698958
-44.3726131 -92.5269882 1.7991138
-51.0552727 -95.2026965 1.9305218
-46.4346720 -95.6730362 1.8508647
-52.2470480 -99.1129611 1.9339475
-51.4035240 -100.2085556 1.9226166
-48.1693433 -97.3082221 1.7950222
-50.3577191 -98.9550833 1.8295091
-50.0777074 -99.6612067 1.8696293
-51.8106254 -97.8519652 1.8615239
-50.5030888 -99.0230292 1.7979000
-53.2435204 -101.6265718 1.9061583
-53.8382487 -101.8443166 1.8162743
-51.6232678 -103.3784314 1.7901828
-53.9928798 -102.9426593 1.8064214
-57.8226986 -103.7385294 1.9103022
-51.4395849 -101.3793857 1.7803609
-54.0234863 -100.8033361 1.8014904
-56.2198868 -104.5200639 1.8109257
-54.7858126 -101.2864424 1.8138556
-58.0437188 -100.9687863 1.8512190
-55.0928136 -102.3905448 1.8009822
-55.4175910 -104.2563104 1.7694973
-58.2721013 -106.4485908 1.8370423
-56.0960521 -106.1632022 1.8223713
-53.9666722 -106.6893936 1.7806069
-55.0839275 -105.4773885 1.8248078
-59.5177669 -109.8376830 1.8574713
-63.2897514 -112.1024021 1.9232341
-54.8860190 -111.7314379 1.7710850
-55.3282316 -111.4702474 1.7700575
-56.5448056 -114.1764788 1.8019865
-57.9468425 -113.2940585 1.8536571
-59.7784916 -115.8837916 1.8125393
-60.1115854 -115.5833266 1.8116455
-61.9827138 -117.2580698 1.9089767
-64.9037457 -121.2518635 1.9794963
-59.5111554 -118.6976139 1.8724930
-63.6428652 -120.0401020 1.9412312
-61.5845913 -121.4911166 1.9398182
-57.0511417 -117.4561773 1.8703548
-64.0623196 -120.9371407 1.9495749
-61.1248053 -119.0566788 1.9131754
-69.1902722 -121.8022920 2.0643666
-66.2444415 -122.4346319 1.9927620
-69.0933252 -122.7573167 2.1199429
-64.9635763 -121.6812328 2.0770640
-64.6899112 -121.4107256 2.0533488
-68.4127089 -121.0517874 2.1666464
-65.1961810 -123.0604032 2.0431510
-67.8369805 -122.9664269 2.0754236
-62.0067750 -122.8866596 2.0313355
-60.9197552 -120.2240590 1.9659923
-61.0611588 -123.4962436 1.9468198
-58.9566925 -121.6822463 1.8960104
-61.2714690 -125.1486792 1.9897797
-65.1098823 -126.9455438 1.9707160
-58.8772482 -122.7185294 1.8908344
-56.1283898 -124.3246347 1.8976493
-58.5055364 -123.9760754 1.9172798
-62.6962906 -127.2998432 1.9524955
-65.0554354 -127.6326146 2.0321541
-59.9983901 -125.4343114 1.9539171
-64.0031647 -127.4060599 1.9574590
-60.9357606 -127.4207757 1.8968798
-65.8066056 -128.9639832 2.0634217
-60.4466755 -126.4240693 1.8913097
-61.5239481 -126.0968625 1.9939440
-59.6238340 -126.6605937 1.9172124
-60.5959140 -127.3472942 1.9333271
-62.4901364 -128.8717903 1.9420314
-62.8731722 -130.5875524 1.9672645
-60.4421176 -132.9296804 1.9269088
-62.5596877 -133.2736300 1.9024883
-64.4118605 -135.4890952 1.9493210
-63.3158927 -135.2567418 1.9692815
-62.1830559 -135.7681297 1.9059794
-63.4176758 -135.7939651 1.9509418
-65.9889902 -138.3545103 1.9417910
-62.8007324 -137.3411390 1.9631535
-60.4896968 -136.9789750 1.9272836
-60.2336050 -137.5744085 1.9304360
-61.0930152 -137.0001228 1.9369956
-63.5721700 -138.9734793 1.8821897
-65.6124290 -141.2875109 1.9134032
-64.6328277 -141.5466353 1.8754810
-68.2101630 -144.0147342 1.9262729
-62.6093029 -140.3097109 1.8506436
-65.8426797 -142.5888924 1.9580178
-63.8943771 -143.7614084 1.8604682
-62.2763725 -143.9538733 1.7802627
-62.1513188 -142.4039511 1.8629991
-66.2799238 -146.1777098 1.9341821
-64.5744413 -145.9281458 1.9232542
-66.8971940 -147.1153972 1.9361983
-66.4407116 -148.7157233 1.8546838
-64.9861270 -148.5895964 1.9112502
-65.6505524 -149.3473128 1.8674762
-64.7401137 -148.7862226 1.8955541
-65.2388844 -149.6900539 1.8612154
-69.8594232 -152.7887873 1.9439294
-68.1589667 -151.8222141 1.9135004
-71.2496414 -155.8269228 1.9838757
-68.0063672 -153.5849595 1.9927283
-70.2757507 -155.5789571 1.9720714
-71.9659609 -158.0512856 2.0637803
-74.2316566 -162.3638854 2.1743865
-70.8793827 -160.6765023 2.0688525
-69.9115381 -157.0524936 2.0035819
-68.0080719 -156.9327111 1.9088207
-68.8941270 -157.6302877 1.9595009
-68.6366837 -158.8851147 1.9765255
-69.2742611 -159.3620423 1.9559380
-70.0626449 -161.1496876 1.9777138
-67.2386880 -159.3482036 1.9358187
-65.5142498 -159.2119024 1.9187901
-65.9684533 -157.7148108 1.8687886
-65.1566797 -158.1590616 1.9647218
-60.5216061 -154.5211558 1.7766825
-61.4418759 -155.8420674 1.7610874
-61.1608440 -155.1268221 1.7245481
-62.9762360 -157.7249267 1.6753786
-62.7224585 -156.9305671 1.7706074
-63.8697329 -157.5330563 1.7096417
-65.7672412 -160.3776843 1.7355395
-63.8351074 -158.6324711 1.7733420
-68.9303910 -162.7664350 1.8727794
-67.8046913 -161.4906648 1.8314170
-70.3916092 -163.4555232 1.9526521
-67.8517537 -162.5017264 1.9061628
-68.8421048 -163.9877470 1.9790184
-68.1304934 -162.8607719 1.8669958
-66.8445668 -161.8643481 1.8639821
-67.2404944 -163.2000144 1.7588029
-67.3523957 -161.8743080 1.8337185
-65.5802900 -161.0446306 1.7470249
-68.4106022 -164.5382145 1.7861789
-66.9119805 -163.8213710 1.7141443
-66.8389225 -163.5400171 1.8291938
-64.7768150 -164.0848906 1.6645710
-69.3673171 -165.3833874 1.7739703
-69.2684755 -166.0605471 1.8068211
-66.4928707 -163.4362660 1.7263883
-63.8669593 -162.3240456 1.7816534
-65.7745770 -164.5009476 1.8725333
-64.1103581 -162.4228265 1.9224360
-63.1742197 -161.9018490 1.8427365
-66.3494001 -165.5638750 1.9637040
-67.8854826 -166.8757036 2.0598111
-62.0124988 -161.1690422 1.9632895
-63.8755009 -164.5904507 2.0142137
-64.8861680 -166.5428737 1.9214093
-63.6849370 -165.8513491 2.0021221
-64.2291668 -167.2301297 2.0237762
-66.4480739 -169.4797335 2.0760483
-66.2691740 -168.9452292 2.0762337
-64.7683397 -167.9671270 2.0092451
-63.9652136 -168.6968347 1.9467669
-61.8145682 -166.7394219 1.9347992
-64.6584612 -167.2312407 2.0058388
-59.8340426 -164.8147932 1.9051996
-62.1208979 -165.5383026 1.9759349
-59.9176075 -165.0852126 1.9243097
-62.5721158 -166.2048786 1.9812112
-63.4694153 -167.4829292 1.9624508
-62.8694976 -165.4373193 1.9766642
-61.9621726 -165.7768152 1.9297069
-62.7212263 -165.0659554 1.9584939
-62.4902866 -165.1490460 1.8988633
-56.5315340 -161.1087563 1.8233893
-57.9556181 -161.7634817 1.7690673
-57.1812347 -161.4556978 1.7834305
-56.4015868 -160.9047820 1.7469039
-53.2081088 -157.4230584 1.6477842
-49.2955510 -151.8547155 1.6094729
-50.4850694 -153.0546361 1.5507311
-51.4872214 -153.8684770 1.5901822
-49.3030458 -152.2914915 1.5683070
-52.3850377 -153.8375836 1.6422670
-55.0582499 -154.5820363 1.6591636
-55.7070849 -156.1383808 1.7666029
-58.5063446 -157.7026191 1.8310135
-54.8843539 -153.8073237 1.7501457
-57.9991649 -155.5179305 1.7688736
-59.8561694 -158.3812211 1.7708721
-60.7926566 -156.9291442 1.7518346
-61.7053300 -157.8373513 1.6707627
-52.9321736 -149.0802653 1.5869217
-54.8041279 -151.7929580 0.9006459
-78.6758130 -175.0160037 1.1025276
-76.2097089 -172.6369206 0.9264887
-79.2713186 -175.6624844 0.9923366
-77.7110158 -173.8078287 0.7988104
-77.0071554 -172.3912549 0.6756089
-77.3045195 -170.8808899 0.5130965
-77.6324725 -171.6909398 0.5146629
-76.8527009 -169.7514783 0.4558853
-77.5845356 -168.8972421 0.3331912
-78.0626766 -166.9196951 0.1617125
-76.4701775 -165.8185846 0.0068842
-75.8213468 -163.8838010 -0.0402939
-79.3455779 -166.6718658 -0.1879838
-80.5943571 -166.7186639 -0.2713274
-83.6000802 -169.1464553 -0.3374517
-83.2425542 -167.8860051 -0.3927355
-82.8287088 -168.0497303 -0.4109031
-85.6303092 -168.8929151 -0.5486139
-87.0038816 -170.0552081 -0.6071866
-88.0015642 -169.4024318 -0.7658675
-89.5594290 -169.7981205 -0.7941733
-90.2369935 -169.7622764 -0.9666872
-90.8327641 -168.6555915 -0.9985969
-91.0705582 -169.0947844 -1.1362539
-91.2170099 -169.4460529 -1.0288209
-91.3908529 -169.1531992 -1.1814406
-89.9652716 -168.0747958 -1.0853933
-89.9801111 -167.8462043 -1.1762076
-92.9886784 -169.1200253 -1.2359419
-91.9975411 -168.9119774 -1.2542090
-94.4308305 -168.1924831 -1.3603665
-95.0152948 -169.9319074 -1.3812503
-95.0775500 -168.3214362 -1.4776731
-94.8614763 -168.1400520 -1.4546335
-95.2128809 -166.7268112 -1.5069631
-92.8875401 -166.6300964 -1.4784302
-94.5550229 -166.8520025 -1.5649508
-92.8581615 -164.8443417 -1.6057015
-92.7198715 -164.3429527 -1.6515419
-92.8828498 -163.7201538 -1.6863480
-92.7430935 -163.9726804 -1.7008022
-92.6580402 -163.0550981 -1.7520846
-89.7472282 -157.3157404 -1.7016219
-93.3005729 -162.5603946 -1.6952916
-90.9093200 -158.8196538 -1.8221608
-90.4927717 -158.0607193 -1.7618073
-88.1452776 -156.8463363 -1.6470752
-90.3544905 -157.0374368 -1.8618272
-87.3346523 -151.7373889 -1.7683642
-90.8478597 -153.0032088 -1.7860756
-84.8352035 -148.8630662 -1.7265908
-83.9475541 -146.3294675 -1.7443363
-89.6689056 -147.6688078 -1.8109875
-85.6311307 -142.3092439 -1.8186888
-86.1547884 -137.2920800 -1.8573352
-84.0897042 -140.9265650 -1.7479019
-84.4960326 -136.3756281 -1.8131398
-82.1765570 -140.3448143 -1.8158237
-87.7243393 -142.1116042 -1.8624462
-85.2161370 -142.8164509 -1.8263476
-87.1138971 -144.3111548 -1.8129773
-97.2915680 -150.2188668 -1.8926285
-97.1621641 -147.1296452 -1.9235010
-99.6633971 -149.6621622 -1.9418104
-95.7957288 -148.6066219 -1.9860803
-94.5343183 -144.3867413 -1.9833444
-95.4260133 -145.7067465 -2.0306669
-96.7717351 -145.0851364 -2.0581395
-97.4232068 -149.5157256 -2.1331313
-99.8009275 -150.6545026 -2.1179805
-102.4198165 -150.6050439 -2.0969760
-101.6125654 -150.2277938 -2.1354835
-102.1734632 -151.5067995 -2.1318596
-101.7387895 -150.2860721 -2.1095159
-101.2428764 -150.9404662 -2.0976091
-101.4183800 -150.0464876 -2.0729380
-101.0807107 -150.2346741 -2.0505031
-100.9944561 -150.9548604 -2.0165366
-101.7467746 -152.2582591 -2.0264615
-100.9836356 -151.6307433 -2.0021343
-97.7915885 -148.6404000 -2.0010510
-98.6998366 -150.7813799 -1.9653113
-97.0382719 -146.5136973 -1.9781967
-99.4197025 -149.1160607 -1.9982676
-98.4486427 -148.1840257 -2.0042504
-96.2808391 -143.1878245 -2.0303769
-97.3834493 -145.3630112 -2.0132488
-97.8583221 -147.1362624 -2.0105321
-98.7255937 -147.6655333 -1.9536739
-93.7114857 -141.8431046 -1.9894442
-95.3580519 -143.2926671 -1.9408712
-95.4810254 -143.0420116 -1.9918174
-96.2368506 -141.8129421 -1.9800672
-94.9637187 -141.1740045 -1.9216473
-97.7328930 -142.3687404 -1.9249449
-95.7308590 -141.5947685 -1.8947502
-97.6376287 -141.0537055 -1.9195459
-98.8554658 -140.6310605 -1.9349080
-99.5539293 -138.6731020 -1.9407473
-99.3974432 -138.8069571 -1.9489521
-100.7557433 -136.5207783 -1.9981220
-102.7976055 -136.0737208 -1.9463427
-101.8820437 -136.4915807 -1.9832401
-102.0592167 -136.4182942 -1.9682812
-102.3207275 -136.2724325 -1.9234883
-101.8678048 -135.6212253 -1.9285840
-100.2659338 -132.0211225 -1.9071070
-100.8125574 -133.1949542 -1.9302587
-101.2703824 -133.0817792 -1.9259165
-100.2288704 -131.8326046 -1.8746786
-100.9123883 -130.6635482 -1.8774959
-99.1916865 -130.8403324 -1.8414302
-98.9291245 -128.4991790 -1.8560476
-98.0187565 -126.6412488 -1.8695307
-96.0505265 -125.3748928 -1.8633479
-98.4438905 -127.4094026 -1.8670051
-95.5273988 -124.1696999 -1.9039537
-98.5137245 -125.6563832 -1.8874909
-97.9343127 -124.9204969 -1.8898582
-97.0215951 -123.9181673 -1.9393975
-95.9207692 -123.9492069 -1.9291977
-95.7450360 -121.8579975 -1.9354124
-96.9567872 -126.3338255 -1.9096398
-96.2082581 -123.2809839 -1.8876677
-95.6178050 -125.3533162 -1.8688388
-95.0424828 -122.9638833 -1.8777333
-94.8756975 -121.0466320 -1.8440528
-94.7896814 -122.1456861 -1.8720344
-93.9430349 -120.5277108 -1.8735597
-91.7527071 -118.2356359 -1.8554450
-92.5136731 -119.0483659 -1.8799533
-94.4311043 -119.2408112 -1.8650996
-93.2891076 -119.1007482 -1.8603826
-94.4863814 -115.6088892 -1.9115731
-94.8382984 -117.8715617 -1.8956799
-94.7251119 -115.4394434 -1.9125089
-95.4953261 -113.4734350 -1.8681852
-96.7827499 -114.5855775 -1.9030738
-94.7273908 -112.1236377 -1.8748810
-96.5891121 -113.7894247 -1.8961177
-95.3663638 -112.2751030 -1.9160736
-95.3830140 -114.6213436 -1.9267385
-93.9930034 -115.1670943 -1.9282261
-94.5361556 -114.2931136 -1.8567929
-95.0526143 -113.7316336 -1.9186531
-92.8974508 -117.3162409 -1.8982112
-94.8464778 -113.4275238 -1.8849366
-95.4408881 -114.6408542 -1.9473657
-94.6961572 -112.5070763 -1.9377373
-95.5739666 -112.5674694 -1.9186742
-92.3002316 -112.6901756 -1.9174937
-94.2127251 -111.6354052 -1.9334111
-91.6620624 -112.8091980 -1.9131047
-91.8176652 -110.4132356 -1.9512864
-94.4876269 -112.8479658 -1.9665508
-91.7950791 -111.8573893 -1.9365475
-93.2503571 -112.7942483 -1.9617580
-92.0356469 -110.7007877 -1.9675246
-93.2766707 -109.7879710 -1.9567397
-92.9272888 -106.1600447 -2.0294523
-92.8194374 -107.1981014 -2.0017579
-91.1254290 -102.8019628 -2.0207475
-93.0453335 -105.9619567 -1.9943223
-92.7628707 -104.5734597 -1.9932544
-93.5880529 -107.2372688 -1.9756454
-93.1652331 -104.9027910 -2.0203405
-91.8366121 -103.0880336 -2.0005827
-90.8778655 -101.3270619 -2.0085661
-90.8774062 -101.5628067 -2.0066915
-91.3075574 -102.2185261 -2.0282655
-90.4477674 -101.3067424 -2.0034955
-90.7059570 -101.3532482 -2.0002697
-90.6005966 -98.8808709 -1.9673690
-90.3374163 -98.0474122 -2.0218531
-88.3991921 -100.4875999 -1.9732359
-87.7778057 -98.0195497 -1.9990656
-89.2963900 -99.2455396 -1.9896672
-90.8117856 -97.3716267 -2.0313365
-89.9480914 -96.7829176 -2.0478135
-90.6904109 -96.1793564 -2.0601675
-89.6584738 -95.4397278 -2.0494442
-91.1066765 -98.4846072 -2.0535240
-89.1735313 -95.6737866 -2.0685223
-89.7102266 -95.5172438 -1.9976634
-88.1592515 -91.8327544 -2.0658654
-86.8091750 -90.8192759 -2.0434781
-87.6407876 -89.6046395 -2.0291153
-85.4931145 -89.7263322 -2.0273642
-86.3275184 -89.3305460 -2.0009587
-85.2668652 -88.5789011 -2.0344017
-85.3402589 -87.5204372 -2.0393256
-85.3611401 -84.5621762 -2.0715798
-84.2441498 -82.8308211 -2.1017555
-84.2615509 -85.6121810 -2.0450299
-85.0526199 -83.4162459 -2.0753127
-86.5312170 -88.9330836 -2.0313150
-86.1416272 -87.1966316 -2.0700408
-85.1843911 -86.3398713 -2.0343241
-84.9134819 -85.4125142 -2.0192190
-86.5813887 -91.8162941 -1.9667928
-83.2586833 -84.4980017 -2.0601336
-83.4418187 -83.1715450 -2.0365426
-81.5041156 -82.8588493 -2.0199664
-78.7788592 -80.3520460 -2.0143419
-79.8896841 -80.9785970 -2.0135690
-78.7151995 -78.5791749 -2.0307708
-80.1230617 -81.4331780 -1.9957743
-81.5218612 -82.7307734 -1.9874107
-81.1535236 -82.9388700 -1.9776152
-82.6515623 -85.4626258 -1.9172975
-81.3932522 -82.7068578 -1.9288472
-81.4635985 -81.5989985 -1.9379643
-80.5392567 -79.0867717 -1.9727166
-80.8546667 -78.0551860 -1.9745557
-81.0120184 -78.0289023 -1.9961376
-80.9246420 -76.1161144 -1.9646685
-81.6425205 -75.4741849 -1.9823646
-78.5149546 -71.1933264 -2.0231072
-80.0090449 -79.2266009 -2.0074480
-80.6079159 -80.5067955 -2.0124129
-80.7621230 -80.2768883 -2.0039638
-81.9988451 -75.6999259 -1.9989273
-81.7886631 -79.6959464 -1.9982141
-80.3603524 -71.6153524 -2.0187443
-80.3728158 -68.9955348 -2.0055009
-81.0048990 -75.2479907 -2.0023141
-79.3573877 -70.3664800 -2.0305413
-78.1583119 -66.3592716 -2.0246445
-77.0760442 -66.1003031 -2.0188164
-76.0891203 -63.4303934 -2.0307468
-75.1442328 -60.4638828 -2.0141480
-75.8671991 -61.0213183 -2.0275564
-73.1861299 -60.7573358 -2.0242875
-76.6447624 -58.5826071 -1.9999044
-73.1817443 -54.8172685 -1.9787672
-75.2030079 -59.9532989 -1.9338394
-75.3896146 -59.1123946 -1.9568953
-75.3268470 -56.5266279 -1.9283812
-77.0626798 -66.4215456 -1.8913755
-75.0457268 -61.8737955 -1.9014777
-73.1088983 -58.0910514 -1.8885535
-74.5317766 -60.1914557 -1.8802774
-76.3224891 -63.6878951 -1.8522680
-73.5511993 -57.7975935 -1.8687157
-76.6180425 -63.7195730 -1.8411781
-72.6821522 -53.3355555 -1.8997374
-74.1518589 -55.0102206 -1.8714670
-72.8063005 -51.1163237 -1.8679495
-68.1393220 -50.7135987 -1.8752899
-72.3248206 -53.9041351 -1.8820599
-71.2141547 -48.7923273 -1.8817882
-69.6872894 -48.0445027 -1.8874810
-68.3902023 -50.1314386 -1.8894103
-68.7505195 -48.9274980 -1.9250237
-68.5481370 -48.1947498 -1.9295666
-67.4507516 -46.8058533 -1.9117643
-68.6486083 -49.6093355 -1.8863677
-65.9522624 -45.1321042 -1.8831786
-66.6092989 -44.1855094 -1.9116336
-66.0609087 -46.7862745 -1.8612679
-66.1390988 -40.8289869 -1.8907984
-64.4645584 -37.0225270 -1.9176859
-65.5124125 -38.6928359 -1.9131922
-66.8856537 -40.4327572 -1.9170083
-66.3554463 -38.9688931 -1.9338346
-67.5913823 -44.2229908 -1.9184483
-69.3714157 -46.1997582 -1.9359443
-67.1491696 -46.8626358 -1.9090688
-65.4372346 -39.6227024 -1.9956544
-66.3081498 -46.9847328 -1.9398766
-65.7053835 -51.0888461 -1.9044551
-61.1654328 -38.6592673 -1.9508712
-61.7938194 -40.4547676 -1.9315001
-61.8777995 -37.3185626 -1.9456585
-63.4185768 -42.7428955 -1.9616545
-62.2353298 -44.6535052 -1.9073542
-59.1703460 -32.0528482 -1.9824179
-59.7661077 -36.3642079 -1.9692786
-56.6121487 -33.1458139 -1.9936774
-58.3833843 -30.9881837 -1.9935825
-54.5094976 -24.4015919 -2.0627865
-58.7458214 -31.7438510 -2.0560081
-59.9054842 -31.7140686 -2.0487645
-59.3654015 -35.7823281 -2.0573372
-56.8841444 -28.3294716 -2.0656908
-61.6010914 -32.9864011 -2.0363002
-64.0822822 -40.3672867 -2.0412671
-61.7991943 -34.8832988 -2.0495683
-63.8626488 -35.2459039 -2.0237399
-65.4996223 -41.5092163 -2.0027768
-63.2998608 -34.4818334 -2.0196723
-66.1384009 -40.7689250 -1.9951487
-64.7083678 -38.5809862 -1.9953216
-65.3206871 -41.2051260 -1.9847447
-62.4377653 -39.3979604 -2.0360119
-63.8570266 -42.0183140 -2.0374603
-66.3524607 -50.5781210 -2.0503532
-65.6926595 -44.8962522 -2.0867855
-69.9696153 -54.5478919 -2.0602841
-64.5241019 -49.0374863 -2.0937001
-66.8173346 -48.2682994 -2.0704910
-68.4440397 -55.3730425 -2.0259883
-64.1061314 -59.0388400 -2.0344851
-66.9218250 -55.1401191 -2.0201050
-67.2331586 -59.3376142 -1.9687464
-67.0652205 -58.9850203 -1.9865822
-62.5886601 -51.1964272 -2.0242122
-71.5798733 -67.2564369 -1.9544133
-67.5545574 -53.8871340 -2.0186718
-66.5378220 -55.3337923 -1.9834125
-67.2112615 -49.0942882 -2.0152018
-69.3474075 -51.6208361 -1.9744381
-69.3203254 -58.4644667 -1.9651842
-69.6576811 -60.3251208 -1.9520057
-69.7366352 -54.0700141 -1.9759187
-62.9846362 -44.6580613 -2.0173659
-67.5001856 -46.3705197 -1.9804420
-64.8827849 -43.8516757 -2.0237382
-59.2072460 -28.4292246 -1.9865234
-60.9836180 -31.2543760 -2.0222816
-63.2123254 -30.5485206 -2.0063787
-58.3687480 -19.4389946 -2.0413047
-54.0348986 -17.0702831 -2.0213962
-57.2166507 -17.6262569 -2.0416876
-55.0160986 -12.6305551 -2.0551117
-55.4020051 -20.3889954 -2.0042087
-49.0543782 -4.3973236 -2.0611718
-51.4461920 -12.4832560 -1.9816142
-47.8504222 -4.3376145 -1.9925589
-55.7724715 -23.2875272 -1.9943816
-50.3068143 -12.1415455 -2.0007104
-51.2607601 -15.6134553 -2.0051668
-53.1648180 -19.4116607 -1.9911345
-49.0393532 -14.5103300 -2.0097651
-48.3508048 -10.9784070 -2.0017786
-50.6427655 -16.6569793 -2.0021398
-52.7118070 -25.3126447 -2.0056895
-44.9106466 -12.6182977 -1.9777079
-48.5579660 -19.0554951 -2.0286284
-49.3210078 -20.2228972 -1.9751273
-47.6062594 -18.7072964 -2.0232180
-49.0952795 -24.0027773 -2.0207251
-48.2787007 -24.1028227 -1.9472220
-49.7590910 -30.4337717 -1.9194340
-46.0641085 -16.2439240 -1.9674344
-42.9158380 -19.7809244 -1.9664092
-46.3253323 -17.9486494 -2.0125061
-44.3830803 -9.5559469 -1.9641209
-51.2700657 -23.6540597 -2.0253181
-44.9506956 -10.9761777 -2.0310400
-53.7233574 -31.2206491 -1.9783872
-41.9801545 -6.8212439 -2.0085745
-41.7325822 -3.4797438 -2.0047685
-41.2609864 0.2123381 -1.9792790
-37.6761917 2.8028040 -1.9403460
-37.3593772 5.7426724 -1.9196509
-37.1269049 -0.0639281 -1.8290825
-45.3236087 -18.7108852 -1.8656984
-41.8323248 -10.6734786 -1.8579040
-47.1042338 -18.3312742 -1.8649074
-40.2527219 -5.4817719 -1.8385438
-38.3671912 -5.9360667 -1.8499717
-35.4761033 2.1918800 -1.8326192
-35.8988612 0.2213814 -1.8371327
-33.6905449 3.1483689 -1.8785447
-35.5843080 -1.9490087 -1.8027655
-36.8636385 4.9210707 -1.8808785
-44.3588866 -17.6462280 -1.8146238
-39.8906293 -2.1589370 -1.8493305
-37.1422788 -4.6410878 -1.7927552
-37.3971163 -3.3709408 -1.7918909
-38.5253025 -4.2614500 -1.7791920
-41.9632922 -10.4915609 -1.8141673
-41.2955059 -9.9598901 -1.7447008
-36.4070434 1.7013518 -1.7551940
-39.3650195 -4.3216403 -1.7686647
-37.9847738 4.6153967 -1.8257712
-38.3078376 1.7550535 -1.8381945
-36.5156589 7.7573585 -1.8476406
-36.5633087 4.5867356 -1.8250436
-36.4413576 3.7442373 -1.8945603
-36.3656077 5.4719399 -1.8822816
-41.9419870 -4.4047077 -1.8988068
-39.8401396 -3.7624170 -1.9079361
-33.0163325 7.4857769 -1.8260920
-33.7241944 4.9379713 -1.8929598
-34.9463354 6.0777134 -1.8790118
-33.9801735 10.2374664 -1.9368359
-31.8046786 10.7673124 -1.8920529
-27.6657256 15.2929925 -1.9753107
-27.6011473 5.7431268 -1.9661407
-30.4480303 8.8071416 -2.0438313
-35.8363145 -10.2255342 -2.0626286
-33.0966867 2.0154283 -2.0610013
-37.1164024 -7.3951299 -2.0217469
-29.6881816 8.0843497 -2.1190164
-36.3730738 -12.4049116 -1.9925745
-31.6064078 7.2614405 -2.0248277
-32.2463480 5.8225031 -2.0189774
-27.7635095 16.6813310 -1.9534098
-25.4978955 20.6676633 -2.0240746
-25.6177422 20.7365887 -1.9556340
-29.7275350 15.1517941 -1.9758561
-25.4976460 15.9210480 -1.9850661
-25.2884996 21.3321293 -2.0063484
-18.6583767 27.3598310 -2.0343519
-21.5481308 28.1407783 -2.0598436
-20.8938215 21.2278203 -1.9925428
-21.4126099 26.9699068 -2.0378454
-22.4456092 27.5568519 -2.0632529
-22.4800050 26.9369035 -2.0215089
-26.8675681 14.7186520 -2.0145267
-25.4031590 16.1666077 -2.0027770
-25.4581292 19.6194139 -2.0172882
-20.9462367 25.2962844 -2.0451642
-25.2409425 15.6102490 -2.0072671
-17.3253954 29.9563470 -2.0508363
-21.7313390 19.6632347 -2.0578196
-11.1764035 36.4510675 -2.0623892
-15.8697895 31.8082009 -2.0449355
-15.9048490 33.6065882 -2.0560473
-12.9843990 36.9361181 -2.0603334
-17.0514189 34.5241535 -2.0658013
-13.6085092 37.8758179 -2.0462100
-15.4363138 32.6104861 -2.0425368
-12.7298717 36.7111324 -2.0684238
-17.4356328 31.5710795 -2.0627656
-14.1098105 35.5063707 -2.0750381
-20.0171868 22.9965666 -2.0854979
-13.9256561 30.2427541 -2.1004351
-11.4482027 31.6951501 -2.1361217
-9.4003053 32.1764705 -2.1432780
-8.7122913 31.0845063 -2.1685370
-7.0202174 32.2518621 -2.1258713
-8.2647314 33.8615342 -2.1630020
-7.5270768 37.0575330 -2.1713954
-11.8455347 29.2161288 -2.1430221
-3.9984905 38.1227871 -2.1614995
-5.4889742 34.8246233 -2.1951395
1.9192852 43.1758804 -2.1935877
-2.3137819 42.1372633 -2.2387382
-0.4202263 44.7180305 -2.2258837
4.5355662 45.6388435 -2.2333970
4.6591287 49.4515844 -2.2555211
8.5749520 52.8944915 -2.2074291
4.0299179 43.5884631 -2.2006662
7.9313052 48.7998898 -2.1774492
8.1532021 50.7947888 -2.2197660
7.7652955 51.0224643 -2.1594226
9.1680992 47.3467312 -2.1670827
9.7323215 44.5608543 -2.1088781
11.0935751 43.1288533 -2.1510474
7.6714158 38.9011445 -2.0732365
10.6266409 44.6632800 -2.0612395
7.0426141 37.8547383 -2.0494339
11.9031813 47.7555618 -2.0732268
7.1797536 40.8933854 -2.0309692
15.2332600 53.3789865 -2.0409156
17.8250030 58.2314653 -2.0429828
9.3886214 47.6849310 -2.0259631
16.7749538 63.3489888 -2.0547705
13.4296071 60.4449861 -2.0513792
17.7332719 63.6118457 -2.0388427
14.7039470 61.8743900 -2.0406140
18.1099545 64.2903697 -2.0771946
14.5472798 60.3327418 -2.0360214
13.3483841 59.8407573 -2.0671422
13.7396312 58.3698813 -2.0607280
15.1953530 57.2946404 -2.0645358
17.0472100 61.6133214 -2.0481107
19.3479453 61.7683389 -2.0305358
22.5648264 62.4406989 -2.0758854
20.1368877 60.2330497 -2.0328574
20.0434055 58.7358266 -2.0382528
22.8708337 60.8899873 -2.0461004
22.3424481 56.9311071 -2.0211991
20.9305139 56.2652377 -2.0742072
18.4102799 55.3296894 -2.0218759
23.8676528 56.8146478 -2.0352576
25.9804332 60.7336395 -1.9957937
18.6557952 44.7171973 -1.8966530
28.2562538 61.2481801 -2.0069160
29.2138123 61.1000039 -1.9929772
24.9163506 52.2408478 -1.9804921
25.1186337 55.7400988 -2.0102008
30.4337163 58.5471041 -2.0225225
26.5634710 52.8865781 -1.9683204
27.0518098 56.1841986 -1.9769076
22.7043288 50.1612795 -2.0106792
28.6433749 62.4413957 -2.0163140
29.8031745 64.4628172 -1.9706148
28.5151015 64.7427386 -1.9936494
34.4116364 68.8722877 -2.0185369
31.7872841 59.9229074 -2.0463651
38.8397719 75.6640477 -2.0436922
29.8201384 63.7508124 -2.0198753
36.9676895 70.5395073 -2.0176294
35.5753116 73.2294101 -2.0160803
40.4776331 75.0720690 -2.0079268
41.1115668 77.1928123 -2.0128897
39.1531326 73.7926978 -2.0056014
38.5238274 74.3145963 -1.9793732
41.8706160 80.2539570 -1.9993708
38.9523666 72.1421139 -2.0076244
41.3087246 76.0966769 -1.9887096
36.2170537 67.4713945 -2.0008710
37.8426370 67.2658365 -2.0007964
39.8666122 70.4715273 -2.0439350
36.6258731 66.5048652 -2.0157051
41.9018320 72.3504055 -2.0139022
41.4949824 72.0762925 -2.0155095
43.3381277 75.5296761 -1.9867478
45.4169650 78.5582122 -2.0337226
39.4531467 68.8305329 -2.0097160
44.8200020 77.9903684 -2.0243166
44.6525364 66.0407383 -1.9872585
53.2696838 80.3527428 -1.9904149
45.3803123 69.6549429 -1.9921567
42.3796197 62.1778274 -1.9856799
42.2680408 68.7291062 -2.0003683
42.3904049 73.0224146 -1.9898872
32.3558423 51.4104395 -2.0555905
45.7810716 67.0242736 -2.0212569
42.5882560 70.3936360 -2.0508517
54.9398607 84.3055077 -2.0287578
46.2688627 69.0480877 -2.0471528
51.1328135 76.5678693 -2.0466235
52.1055118 78.5098110 -2.0831820
50.1790268 71.0576294 -2.0001725
40.5535751 60.7099530 -2.0362575
50.7398980 70.6858660 -1.9727469
41.6274293 64.6032408 -1.9391726
39.8944849 58.9868865 -1.9204982
43.1925328 65.7269414 -1.9074463
51.8912445 76.5630501 -1.9194456
40.1086109 53.9006754 -1.9118695
39.7975202 55.5215159 -1.9308780
43.8149703 64.3104894 -1.9604808
41.7091128 62.6946533 -1.9779153
55.0226351 75.2145050 -1.9747989
44.2211398 64.6462674 -1.9716050
48.9701022 68.9673751 -1.9457182
47.2879963 67.5717541 -1.9668594
49.0765314 67.3561095 -1.9772571
50.0320892 67.0247560 -1.9686315
53.4272740 74.9130753 -2.0200346
44.5958063 56.9221363 -2.0039256
47.9721944 60.2633437 -1.9982689
53.8994175 71.7451290 -2.0451992
50.5441005 67.7100824 -2.0288623
54.8432847 64.7814771 -2.0196184
51.5804276 68.7428425 -2.0026530
49.5422576 59.6871090 -1.9869689
42.0246465 52.6760937 -1.9627743
30.1510548 32.8556840 -1.8649267
37.8553389 46.0128435 -1.9542008
41.2206901 46.5898969 -1.9610389
43.0715821 47.5838989 -1.8959276
45.8403412 55.7737648 -1.9258409
42.0920337 42.1849142 -1.9209737
56.4672074 58.8190146 -1.9398810
49.6604613 54.5493147 -1.9328844
47.0005605 48.5830563 -1.9454029
55.0675422 59.7601032 -1.9395965
54.3490455 57.2966041 -1.9796647
52.0584627 55.3644177 -1.9430193
54.7457548 55.9675258 -1.9191173
53.1618236 56.6335268 -1.9215914
59.8492222 64.0202037 -1.9114243
64.8009734 68.7841782 -1.9338120
60.1952431 62.9520283 -1.9269459
58.6845158 63.6993997 -1.9284209
48.8632357 52.0433056 -1.8497327
48.8320727 47.8804072 -1.8992103
56.8864586 60.2956795 -1.9126282
59.8087978 62.3892668 -1.9087632
57.6766796 62.9578610 -1.9287429
53.0411379 59.5280812 -1.9487203
60.9750632 61.1996229 -1.9455023
59.8055428 67.9550855 -1.9213446
66.4224714 75.3657901 -2.0013988
64.7312410 67.2389242 -1.9297464
59.2147276 65.0057953 -1.9547467
64.4527398 70.8065158 -1.9495522
52.4457604 57.5719061 -1.9147892
37.0168365 40.1764274 -1.8296507
43.5773219 48.2665647 -1.9150099
42.6544155 45.6211407 -1.8335722
51.9403429 51.2525665 -1.9248979
50.5424841 51.2964312 -1.9859375
55.1836260 59.2074283 -1.9965491
50.5791500 55.6435156 -1.9955121
56.5499906 60.3982514 -2.0197037
55.7171414 52.0638833 -1.9672877
45.6939734 37.1701939 -1.9439140
57.8075411 51.6704702 -1.9013356
60.1634265 55.6299205 -1.9837914
40.2267174 28.2199194 -1.8675622
46.9274936 36.1368857 -1.9028959
56.8885830 54.8687007 -2.1088729
53.4154466 46.8840662 -2.0349969
61.1550672 56.5064010 -2.0235352
49.7287760 42.7183075 -2.0541084
60.3748850 51.6146477 -2.0006752
52.8169113 45.4433137 -2.0133458
60.5809906 53.7644765 -1.9936021
59.9295454 56.0894085 -2.0426877
62.2281927 63.0759965 -2.0876060
69.4232921 72.6907005 -2.0592119
57.5514360 55.5883850 -1.9921455
65.0968182 65.2896880 -2.0090262
72.2418872 74.9686054 -2.0616513
59.8789498 64.4037641 -2.0231464
73.7205109 78.5447439 -2.0590604
77.7697643 83.4854101 -2.0849647
75.9238984 76.3286502 -2.0370405
76.7860822 80.5049244 -2.0309869
72.1343980 75.6488446 -2.0727104
77.9815805 77.6445866 -2.0772815
75.3586106 85.7647573 -2.0982884
69.9211705 72.8644832 -2.0609301
72.1110081 77.3324854 -2.0950688
67.0303167 70.8743741 -2.0918466
70.3525804 77.0946015 -2.1094059
64.2480562 67.8409895 -2.0912198
71.3190956 74.0776089 -2.0826682
61.3009713 66.3076104 -2.2035194
52.9990396 57.8598627 -2.1680977
55.2758738 66.8474504 -2.2497006
67.2320721 68.9375927 -2.1541061
65.3976714 71.4764150 -2.2106668
66.0017848 72.5722629 -2.1895833
63.6559337 66.3845320 -2.2330737
79.8646689 84.9989716 -2.1909124
71.3643119 76.1400300 -2.2762368
80.2552392 86.0434117 -2.1660895
72.6902875 77.5201457 -2.2552039
68.8659187 72.7099772 -2.2447107
60.8864281 67.2989275 -2.1625459
63.5000969 67.2471787 -2.1934111
71.5484321 75.9568624 -2.1279208
55.7491611 63.4521747 -2.1605751
68.7263700 74.5819995 -2.1193058
68.5360534 70.5067915 -2.1553650
67.2832904 77.3382889 -2.0837560
66.6511675 63.9729767 -2.1157312
69.3443247 76.5432082 -2.0459183
66.3766456 64.7379730 -1.9925624
67.6726109 69.8137661 -1.9780673
70.9830692 70.9755426 -1.9455122
67.1325679 69.1229822 -1.8984119
68.9413970 68.5836344 -1.9475853
69.2458982 77.3920746 -1.9801772
69.1725840 79.9539842 -1.9682741
66.9632475 75.6707088 -1.9408273
66.5335954 79.9448721 -1.9816943
66.4235313 69.2103900 -1.9828411
63.9748770 71.3561501 -2.0170321
65.5031555 74.9434960 -2.0147910
62.7935689 65.9695910 -1.9848231
60.9327618 72.5244610 -2.0369989
66.2322255 75.0295881 -2.0134006
40.2667399 54.2200078 -2.0346023
52.5831185 60.1483950 -2.0192822
59.0598977 70.6300142 -1.9762785
59.7208384 75.2338207 -2.0428626
43.3530114 65.6915505 -2.0301986
48.8025130 64.0931491 -2.0658232
53.7717271 67.1049619 -2.0250066
63.6648507 75.0273126 -1.9957602
60.6902994 74.0890551 -2.0479031
56.2804020 69.3612706 -1.9844547
64.2091556 65.7452728 -1.9053762
61.8593649 57.6129348 -1.9243533
69.1080675 71.3686585 -1.9844553
59.0648663 60.2116826 -1.9009168
67.8061973 65.9791855 -1.9186142
58.8980500 50.7444190 -1.9103600
56.2566764 61.9812499 -1.9194277
61.7414836 61.1811989 -1.8927138
60.5036353 66.0613989 -1.9007335
70.3505400 70.3034994 -1.9464438
62.7802133 66.7036110 -1.8827177
59.9357859 57.9513295 -1.8641644
63.0046961 61.3770552 -1.8314260
67.2009180 67.0771432 -1.8161034
55.2968655 46.9478216 -1.7563271
63.2541454 56.1874536 -1.8311626
62.4357382 54.3801174 -1.8034273
77.8258983 75.1057545 -1.8981520
68.8781259 52.9378884 -1.7814028
62.8078607 41.7386753 -1.5335807
78.3675312 65.2530837 -1.8092750
79.1754536 60.8000018 -1.8413921
72.3845098 54.4215408 -1.9050752
79.0043666 58.6465671 -1.8303404
78.2540532 57.8948199 -1.9301028
81.1457682 58.9252800 -1.8942967
75.3905067 52.4505623 -1.8616976
89.2843153 74.5823114 -1.9595703
67.3269742 52.1876956 -1.5973151
87.4669182 69.7236003 -1.9450785
87.3472129 67.8474459 -1.9746919
91.5579916 67.6800857 -1.9426062
80.0611598 54.8810142 -1.9811231
92.2462264 68.5655369 -1.9659329
96.2660261 77.2187841 -1.9663801
97.3998522 79.5720805 -2.0075812
94.6934189 73.7623648 -1.9840041
96.2920924 75.4530712 -1.9910496
97.3370405 81.4072841 -1.9935383
98.7849959 82.4936739 -2.0075769
93.4189974 74.6746504 -1.9973633
96.4137233 75.2520157 -1.9616238
100.7247570 87.2076636 -2.0091764
100.4435131 87.1209380 -1.9619846
98.5753968 83.6996660 -1.9209054
101.5168948 86.2710190 -1.9177351
99.2737719 85.3810848 -1.9223489
101.2492185 87.6445760 -1.9687213
94.5557296 75.7437760 -1.9418004
92.2851094 70.1797212 -1.9325095
86.0962607 56.7850359 -1.9177557
94.5761869 66.5387748 -1.8893214
83.8381128 53.6997856 -1.9050548
88.1399160 58.0358478 -1.8942176
97.1993953 76.1703240 -1.9305987
92.4981976 64.3988572 -1.8644740
87.9244871 59.5660108 -1.9162652
83.2577470 53.2101985 -1.8999722
81.6833379 51.3855883 -1.9044769
82.6389311 50.5227370 -1.8531447
71.9818073 36.2580765 -1.7866224
85.4070101 56.0842677 -1.8319485
83.6723167 52.1174497 -1.7894163
88.8400136 59.1836930 -1.7839950
89.9928307 62.3285374 -1.8156329
89.8069306 61.1345080 -1.7672510
84.7361057 53.5977448 -1.7382749
85.1243706 53.0924625 -1.7117985
85.7146647 54.4711944 -1.7123761
89.1305851 57.4169226 -1.6996929
86.9288626 61.9095909 -1.7191609
83.9088036 45.7168566 -1.5762528
86.9707047 53.4138902 -1.6184461
79.8136405 44.4514654 -1.5741148
87.9287446 51.7724963 -1.5371800
73.6625309 33.5266674 -1.4973473
73.5608714 39.5117445 -1.5500073
68.1022277 24.7703854 -1.3973664
76.1617014 34.1984061 -1.4257768
84.0380397 54.4668479 -1.6569254
75.9130426 36.9237217 -1.4703302
83.5973066 48.8341016 -1.5209348
85.3760680 58.2632114 -1.6328580
90.0755079 56.2843925 -1.5166626
84.2782100 54.6490799 -1.5914922
84.0920803 49.8747994 -1.4741321
87.6268491 50.8796579 -1.4540336
93.9475221 56.6061564 -1.4292025
88.5324738 50.0779112 -1.4127636
86.9239603 46.9567388 -1.3570414
89.8158167 50.0101651 -1.3917977
93.7348049 53.5424242 -1.3837814
90.6113817 48.8802711 -1.3501151
92.5567606 52.7576445 -1.3544450
87.6590190 43.5352036 -1.2967825
95.6730026 55.3527084 -1.3620018
88.9634994 43.7590832 -1.2849719
88.3101198 43.4796979 -1.2886816
91.1904667 45.6812269 -1.2825157
78.4239390 25.5122749 -1.1904786
83.6445987 32.2336671 -1.2272011
82.6520923 30.9217897 -1.2074221
91.9820657 42.3517579 -1.2181454
90.0295231 40.3116103 -1.2129465
80.1479797 27.0212950 -1.0752160
85.6300708 33.8543590 -1.1158816
86.6492971 36.1724764 -1.1096242
81.5732783 27.8193531 -1.1139861
92.2429935 43.8516854 -1.2061470
93.8178885 45.1986176 -1.2010367
94.4306891 45.2216707 -1.1859442
95.8660751 45.8251978 -1.1512345
92.9178816 41.4755114 -1.1379195
92.2270676 39.9885942 -1.1316723
91.8502326 37.2266670 -1.1025923
94.4536374 40.6367243 -1.1132738
93.4372729 39.9525576 -1.1168465
90.9828815 35.5023628 -1.0797069
88.9550197 33.7220705 -1.0825785
91.9906867 38.6689154 -1.1031240
94.8756621 41.8505688 -1.1231529
93.0025286 40.2474481 -1.0738748
90.5480400 35.8192296 -1.0605974
93.9478577 40.8040115 -1.0367868
92.4722991 37.4480980 -1.0183384
91.7703555 36.5199393 -1.0196325
95.3984718 40.5746963 -1.0069780
90.6509272 34.2433599 -1.0026303
92.7552743 36.5308665 -0.9818879
88.9563093 30.6787163 -0.9649857
88.9204119 30.7902053 -0.9654449
88.8168357 28.5946650 -0.9233057
84.0493460 22.7594184 -0.9008786
86.6427960 24.8110925 -0.8728541
79.2282045 16.1888398 -0.8515726
80.9224514 15.5266249 -0.8305736
78.6230532 13.2920768 -0.8322282
86.1770830 22.7207066 -0.8682886
85.1848416 21.2740142 -0.8568173
87.0700852 24.4350459 -0.8867228
90.4227522 26.1199756 -0.8952545
99.1915363 41.0206477 -0.9479088
96.1101054 34.2687129 -0.8960824
92.2932800 28.9573139 -0.9016169
94.7718916 32.2282096 -0.8823053
87.0311492 20.1847872 -0.8813746
94.7023491 29.8613474 -0.9159239
93.5123008 28.7027285 -0.9194294
95.3755766 30.0906212 -0.9122200
97.5616116 32.7168904 -0.9201415
94.3882906 28.0186885 -0.9121111
97.9606528 32.6319116 -0.8691172
98.7149234 32.8437677 -0.8716117
101.9096381 38.7082558 -0.9445941
96.9948310 31.2269472 -0.8831977
98.7705627 34.2381338 -0.8688159
96.7135342 31.6893076 -0.8691040
101.9106715 40.8999344 -0.9070326
101.5701580 41.0016341 -0.8805485
102.5814964 43.8668593 -0.8734052
102.2761825 45.4118502 -0.8976620
104.6748729 50.8693374 -0.9132441
100.1627993 44.2521495 -0.8978788
101.6776119 46.7562826 -0.8927714
101.6727184 45.3534451 -0.8747274
101.0693072 43.5832297 -0.8418458
100.6823673 42.9944232 -0.8323348
102.2295706 44.6759151 -0.8116915
100.2023889 39.8880883 -0.7768201
101.6867276 42.8933375 -0.7718945
99.1798502 38.2684709 -0.7213650
97.8549214 36.0876804 -0.6608102
97.1144568 34.7802104 -0.6433565
97.8294028 35.9168264 -0.6748963
94.5821227 29.3280296 -0.5543484
95.8631425 33.4106613 -0.6598099
93.0562158 27.0224401 -0.5976922
95.1230755 32.0339687 -0.6365296
94.0382904 28.4666231 -0.5853156
93.1304751 26.9198658 -0.5183550
91.8945479 24.6991186 -0.5361979
91.4766747 24.6884253 -0.4709313
92.9627446 26.1100693 -0.5178221
84.3046738 13.7623762 -0.2089197
86.6403934 16.6690504 -0.2724887
91.6320478 24.3198706 -0.3897193
86.7490750 19.2713431 -0.2559848
89.6232830 23.0439177 -0.2314964
86.1403729 17.8489244 -0.1485415
81.5089120 13.9978543 -0.0522880
81.9000565 12.6381835 -0.1809901
86.6066688 21.0906931 -0.1351974
90.8717089 27.4635090 -0.2291933
92.3273137 29.5508324 -0.2661228
92.1966378 31.0216329 -0.3122073
90.6725505 26.7741260 -0.4039733
93.7938803 32.0233192 -0.4052861
94.1992194 30.2335299 -0.5247157
92.1054278 30.4878522 -0.4732834
90.5680027 28.8143199 -0.3644105
88.8713708 24.7358618 -0.4683950
91.4058779 27.9928823 -0.5079189
91.5006741 28.9288155 -0.4660604
88.7890116 26.4635768 -0.4077893
90.3491554 27.8460218 -0.5185341
91.6612675 31.2553213 -0.4571620
87.7545925 21.5758704 -0.4593313
91.8384405 30.8509055 -0.5169786
86.2062673 18.9704408 -0.4827507
88.0999288 23.3089869 -0.5187524
87.9712050 21.9273728 -0.4705782
79.1733867 11.3208303 -0.3225344
89.9743697 25.7795709 -0.4583960
82.6254077 14.6788354 -0.3082575
88.7760889 23.0140549 -0.3906390
86.5959279 22.8195362 -0.4015701
90.1548109 26.2340643 -0.4343252
87.6090771 22.7165453 -0.3577266
86.9628610 24.5197713 -0.2335432
86.6792587 21.4523017 -0.3679703
89.1003761 25.2594657 -0.3256660
80.5809398 15.2209132 -0.1683673
80.6496696 16.3322735 -0.1101451
89.6299784 27.1196227 -0.3665426
87.3832163 24.6889662 -0.2886286
83.7460726 19.3223757 -0.2451344
72.7581517 6.8103154 -0.0900167
81.5734991 18.1072825 -0.1913855
72.0633981 8.9408274 0.0069557
80.4113455 13.8233188 -0.3343656
87.7148968 25.3004335 -0.3854807
78.2362635 13.0888078 -0.2399335
78.6747088 14.2924670 -0.2054380
74.1626882 9.2769270 -0.1399544
81.4863524 17.6289783 -0.2906333
76.6776125 14.4666577 -0.1318688
79.4898744 17.7345933 -0.1115174
77.7826252 13.9420342 -0.1411770
72.0566496 7.8738678 -0.0321473
73.6903019 8.6705712 -0.0853994
68.1598367 4.9869299 -0.0163760
59.9824376 1.3353182 0.1969896
60.2752086 0.7085668 0.1794591
67.6261271 8.3864799 0.0544394
57.3918142 -3.2276453 0.2332430
50.8581326 -7.4452318 0.2147511
56.1419044 -0.8381862 0.2497658
47.0704607 -8.8296063 0.4255354
75.2238715 16.7269865 -0.0851635
57.0466722 -0.7075453 0.2173965
54.6647912 -5.2156892 0.2683544
48.1462979 -8.5954744 0.2628707
70.4850274 12.7007158 0.0231337
56.8177023 -0.4708260 0.1746675
73.2424317 14.5928065 0.0222712
60.2121054 1.7870310 0.2685771
64.8112462 8.1121476 0.1548060
62.8813913 5.7989639 0.1326399
70.8897747 10.8753345 0.0353402
76.7199051 16.1697190 -0.0562261
71.4498289 8.2139484 0.0583674
76.4936822 14.6113901 0.0208834
66.0875933 0.2647351 0.1097412
74.9983288 11.7065249 0.0350598
67.4123102 2.7685977 0.1650214
70.9174000 4.6111208 0.0643503
69.9573286 5.6314721 0.0811604
72.5925455 11.5772551 0.0718244
74.3667049 12.3620068 0.0328296
74.3509997 12.9933368 0.0015429
77.9039735 17.8198047 -0.0338777
73.4546365 12.8683526 0.0336498
72.5200572 12.2132349 0.0633712
71.7812444 7.7250277 0.0853221
70.8867671 6.1257553 0.0611454
73.9175848 12.7166241 0.0133526
75.8244472 16.5709018 0.0475753
73.6922805 12.5063432 0.0636715
63.4000583 -1.5303991 0.2017446
67.3341599 4.0819626 0.2074332
66.7577734 1.9702955 0.1961020
65.3587133 2.5744682 0.1757850
55.7196146 -7.5519261 0.2672065
57.6328634 -6.6181393 0.2372224
51.3459547 -17.4941560 0.2929208
57.8806124 -5.3093172 0.2497832
67.7119797 8.9853231 0.2148071
68.0213392 10.0825074 0.0885635
60.9619329 -2.0211678 0.2441932
64.8773747 3.9822632 0.1700327
56.2174003 -4.2677206 0.3429207
63.2905066 5.4890933 0.2886423
61.0640384 2.3280241 0.3576334
62.0649185 4.7927066 0.3666118
61.3803626 3.9857338 0.3977238
58.9212367 -0.7969029 0.4176722
67.5828231 15.1642976 0.2690372
65.8369736 9.7487016 0.3165861
68.3157354 14.0976596 0.2761467
67.4211874 15.0201293 0.4346509
60.9526847 2.4209497 0.3921240
64.8316417 11.7891526 0.3659023
68.0396589 18.9723558 0.4132636
69.0654614 20.6584562 0.3735737
64.7148203 15.4681845 0.4347527
63.3533934 14.0099156 0.4552276
65.7051406 15.4849542 0.4179307
63.7311338 16.2036822 0.5056529
58.4929714 5.7084034 0.4110253
65.8693158 19.2241491 0.4309582
61.6669328 10.3881509 0.4913191
62.1631109 12.5071314 0.4558188
64.4671906 20.2160923 0.4063505
64.6774787 21.2899116 0.4903892
64.9609661 20.6595793 0.3851425
66.6923736 24.8725138 0.4743553
64.3649085 16.5950318 0.4314122
62.6849313 17.2415867 0.5022901
60.4984724 19.1036661 0.6540912
61.4608802 12.2395796 0.4624492
60.2850132 14.7535252 0.5091740
54.5424094 7.6596972 0.6629394
57.5653701 13.3258537 0.6031070
59.2143345 16.9079053 0.6210224
54.2367776 9.7840962 0.6843013
57.0790718 12.6009786 0.5636741
53.3740285 8.2913025 0.6604091
56.3214888 13.9379947 0.6320168
55.2705166 10.4067490 0.6431663
54.9148279 12.2856504 0.5880653
57.0741871 15.4414379 0.6253008
56.8504463 15.3596959 0.6695560
54.7683938 13.7571867 0.5754384
55.0109092 15.6503836 0.6536234
52.3366150 11.5893335 0.7080586
51.2404794 11.7812306 0.7047924
51.8520788 15.3232585 0.7332776
49.6959525 9.4303792 0.7656354
53.2543320 16.8735851 0.8206129
52.7729272 16.8620988 0.7852987
47.7187304 9.7205784 0.7036186
49.0532166 10.1109644 0.7806448
50.2128220 19.2303192 0.8818747
52.0854564 18.4694015 0.7850769
50.3709995 19.2022204 0.9372188
45.5107189 6.7814881 0.8800801
48.6117150 17.2242092 0.9006340
47.8815807 9.3979180 0.7964002
48.1426543 9.7952878 0.8575438
47.0149053 12.9831381 0.9006995
46.8040961 13.6887401 0.8484928
48.8299572 22.4548067 0.8678346
45.9878706 16.7003300 0.9217275
46.8730733 19.2714515 0.9335442
46.2872222 20.6733011 0.9524461
45.7224820 20.0335887 1.0660657
44.4645650 15.6458154 1.0134824
44.4331415 16.2095271 1.0784753
41.3660377 11.2074359 1.0820368
42.0227209 9.5757352 1.0483848
41.1633195 8.7190577 1.0434044
39.3742014 6.1089759 1.0518970
44.5657960 18.9472622 1.0985134
37.5112833 7.5189520 1.1213632
40.1447204 12.6859695 1.1037545
40.0028265 11.2834305 1.1276162
37.5597148 5.5229420 1.1308614
38.0171777 6.3343989 1.2067817
37.3825771 6.5100844 1.1549664
36.7221487 7.2803103 1.1987315
38.2083070 9.0205728 1.1274703
37.2281845 10.8291844 1.1959725
38.1781510 9.4632022 1.1933929
35.7943708 9.5389129 1.2332010
35.2404026 9.6947454 1.1290963
35.1177448 8.7107862 1.1515056
34.9699240 10.2938907 1.2270641
35.4554296 10.6222536 1.1389432
31.8608280 5.8378158 1.3503113
32.8445653 5.4691527 1.2556495
30.9054490 5.0183568 1.2178679
29.9507591 1.1953003 1.2194662
30.0320075 4.7913117 1.1811934
31.8724633 9.1698405 1.1066408
23.2402202 1.2881156 1.2478787
23.2820910 1.6261716 1.2140725
26.1081435 9.5692325 1.2082848
25.2161438 4.2930383 1.1220234
23.8228892 6.4904958 1.2941045
28.2159708 10.0271429 1.1197950
22.4286630 5.4558756 1.2299974
26.6790711 7.3072787 1.1102826
25.2070193 7.1258178 1.2237252
27.0979359 8.9231076 1.1962012
24.2923452 4.1560330 1.1437498
28.3712533 10.6696754 1.0971712
24.4346984 7.2430385 1.3059146
26.0643272 9.0220468 1.1624954
29.4770058 12.5881571 1.1458951
22.8508512 3.2390513 1.3582088
26.7185106 8.0411026 1.2337225
24.5574996 4.0765355 1.3992009
19.0868231 0.2051447 1.4495764
21.1413275 3.0570842 1.3630875
21.7650591 5.8064388 1.5311892
19.5257256 3.4567589 1.3557560
21.2827599 4.8637285 1.4530431
18.7518368 1.5755137 1.3565211
25.2826698 3.8405641 1.2678475
24.4856274 4.0463712 1.4910129
26.6999701 5.5296615 1.4907117
31.4659758 10.7474875 1.2570542
35.2970312 14.4039476 1.2724616
30.4769585 11.1910049 1.4484625
29.6659555 13.0745087 1.4189666
22.8265625 6.9850397 1.3762229
26.2880216 8.6147865 1.3659471
23.6658378 2.2524303 1.5248022
19.6625493 3.6124671 1.5535912
18.6409844 -0.5025429 1.5679988
22.1103292 6.1966115 1.4681460
22.7434415 6.6812503 1.5321087
22.6821844 6.8533518 1.5280243
18.9365952 3.0831469 1.6120343
20.2202097 5.7783923 1.5387854
19.1874998 4.7943792 1.5696747
18.4270781 2.5734182 1.5746199
17.0421111 0.1876916 1.6351490
17.1784005 3.1944331 1.6367434
16.7154169 1.3774299 1.5873725
15.9740348 0.0117936 1.6807228
17.2172382 0.7036581 1.6158372
15.1100149 -3.6730918 1.7313526
17.7533240 1.0966570 1.6426474
17.3002146 0.5920722 1.7628100
17.6476014 1.8508875 1.6626712
19.6746660 4.0824980 1.5784213
19.3069489 1.7421339 1.6033213
17.3910094 0.1966064 1.6389337
16.9516388 -1.2605022 1.6111310
20.3467871 3.5558924 1.6133457
17.9358200 -0.3420355 1.5798891
19.3302152 3.2257821 1.5081083
16.9562540 2.5780175 1.5939695
15.8986427 -3.5374800 1.6073473
16.8457837 -2.2372662 1.6919224
16.2977115 -0.9953515 1.6382947
11.5581475 -8.6702228 1.7508872
12.4502487 -7.7229604 1.7556551
12.9525636 -8.3861669 1.8666139
15.1295933 -5.5899536 1.7669627
16.1385788 -3.9210977 1.7477323
12.0014665 -5.8737500 1.8759262
14.8818995 -3.7413514 1.7095171
15.5696551 -4.4809593 1.7849400
15.9657152 -4.9160340 1.7778552
11.1129978 -8.2868987 1.8201406
11.6946985 -8.4893917 1.8616740
12.5015013 -5.9804504 1.8177172
11.7524444 -5.4522478 1.8043718
17.3451571 -3.1592492 1.6846264
11.0079034 -5.5755314 1.9018707
13.1605617 -6.9264227 1.8014617
13.3411332 -5.7780354 1.7358769
15.1073738 -1.9976409 1.7408758
11.3364040 -8.6965041 1.8197279
10.7633068 -6.7608909 1.8384588
15.2573499 -4.3305569 1.7003396
14.1687202 -4.9228681 1.7052068
14.9172758 -6.1983109 1.6393633
11.6923312 -8.5312196 1.7761496
10.4885066 -8.9331369 1.8606309
14.9088557 -5.2725545 1.6118988
10.8286933 -6.0132478 1.8304527
11.6725772 -6.7598786 1.8103800
11.2978975 -5.7296219 1.7618232
