0.4903297 -2.2856927 -0.0054154
0.4912987 -2.2859097 -0.0054171
0.4915077 -2.2853649 -0.0054172
0.4900642 -2.2858405 -0.0054185
0.4912058 -2.2857585 -0.0054196
0.4905311 -2.2860954 -0.0054123
0.4927038 -2.2854351 -0.0054165
0.4924341 -2.2856373 -0.0054111
0.4925397 -2.2853379 -0.0054131
0.4910841 -2.2858003 -0.0054160
0.4919699 -2.2858587 -0.0054109
0.4932327 -2.2854190 -0.0054108
0.4909828 -2.2860220 -0.0054142
0.4915650 -2.2854570 -0.0054115
0.4919290 -2.2856988 -0.0054150
0.4917701 -2.2858989 -0.0054121
0.4931659 -2.2857514 -0.0054129
0.4910883 -2.2854927 -0.0054143
0.4916632 -2.2851184 -0.0054164
0.4915950 -2.2854220 -0.0054242
0.4931674 -2.2853156 -0.0054137
0.4922934 -2.2856449 -0.0054150
0.4904997 -2.2857069 -0.0054167
0.4924719 -2.2851449 -0.0054112
0.4909735 -2.2858035 -0.0054162
0.4918254 -2.2852990 -0.0054167
0.4923512 -2.2855432 -0.0054141
0.4910573 -2.2856452 -0.0054184
0.4916714 -2.2854540 -0.0054128
0.4928612 -2.2856921 -0.0054106
0.4934814 -2.2856870 -0.0054111
0.4925277 -2.2858679 -0.0054173
0.4926721 -2.2854177 -0.0054129
0.4931688 -2.2857908 -0.0054126
0.4914917 -2.2856733 -0.0054120
0.4934808 -2.2856328 -0.0054075
0.4929056 -2.2857218 -0.0054180
0.4936021 -2.2854805 -0.0054107
0.4926637 -2.2850237 -0.0054135
0.4921644 -2.2851231 -0.0054128
0.4935008 -2.2855658 -0.0054062
0.4916806 -2.2856157 -0.0054155
0.4925310 -2.2855639 -0.0054157
0.4913916 -2.2856328 -0.0054157
0.4933523 -2.2855155 -0.0054101
0.4926023 -2.2852783 -0.0054087
0.4926420 -2.2852493 -0.0054108
0.4932747 -2.2850364 -0.0054129
0.4925930 -2.2852423 -0.0054143
0.4926728 -2.2854381 -0.0054138
0.4921764 -2.2856023 -0.0054137
0.4931410 -2.2854442 -0.0054136
0.4931474 -2.2856393 -0.0054066
0.4931060 -2.2855778 -0.0054125
0.4933162 -2.2856876 -0.0054102
0.4935989 -2.2853212 -0.0054090
0.4936171 -2.2858214 -0.0054102
0.4936805 -2.2854180 -0.0054109
0.4925688 -2.2851665 -0.0054163
0.4935881 -2.2857298 -0.0054063
0.4933185 -2.2854991 -0.0054095
0.4922378 -2.2851909 -0.0054172
0.4931068 -2.2850413 -0.0054151
0.4935720 -2.2856717 -0.0054136
0.4931837 -2.2853660 -0.0054111
0.4916131 -2.2853879 -0.0054159
0.4931313 -2.2855234 -0.0054081
0.4926943 -2.2852688 -0.0054122
0.4928024 -2.2857150 -0.0054110
0.4932064 -2.2852467 -0.0054133
0.4925737 -2.2852394 -0.0054122
0.4921829 -2.2854969 -0.0054183
0.4934451 -2.2856973 -0.0054076
0.4930385 -2.2850068 -0.0054143
0.4926047 -2.2853468 -0.0054085
0.4916862 -2.2853702 -0.0054182
0.4925621 -2.2854735 -0.0054107
0.4919152 -2.2850999 -0.0054128
0.4920067 -2.2849838 -0.0054214
0.4932881 -2.2856253 -0.0054119
0.4911385 -2.2857162 -0.0054189
0.4913606 -2.2854098 -0.0054200
0.4922346 -2.2854963 -0.0054179
0.4930776 -2.2857177 -0.0054105
0.4919764 -2.2856029 -0.0054118
0.4930439 -2.2856493 -0.0054226
0.4927566 -2.2859793 -0.0054122
0.4924054 -2.2850334 -0.0054178
0.4925269 -2.2858187 -0.0054088
0.4922937 -2.2857902 -0.0054103
0.4923249 -2.2851593 -0.0054205
0.4914954 -2.2853151 -0.0054171
0.4924335 -2.2852527 -0.0054142
0.4932273 -2.2853789 -0.0054172
0.4928363 -2.2856927 -0.0054147
0.4923320 -2.2854139 -0.0054119
0.4925769 -2.2860125 -0.0054128
0.4919095 -2.2854246 -0.0054204
0.4918581 -2.2855447 -0.0054122
0.4910462 -2.2856440 -0.0054175
0.4922641 -2.2854662 -0.0054181
0.4911370 -2.2857896 -0.0054165
0.4927228 -2.2858368 -0.0054137
0.4921910 -2.2855082 -0.0054115
0.4925789 -2.2853020 -0.0054175
0.4924014 -2.2851650 -0.0054114
0.4935768 -2.2853471 -0.0054117
0.4930635 -2.2858628 -0.0054152
0.4923035 -2.2857512 -0.0054132
0.4917091 -2.2853809 -0.0054139
0.4913124 -2.2856516 -0.0054235
0.4924417 -2.2853099 -0.0054175
0.4911932 -2.2856900 -0.0054179
0.4923211 -2.2858593 -0.0054130
0.4933049 -2.2858554 -0.0054142
0.4910289 -2.2863119 -0.0054108
0.4922026 -2.2857622 -0.0054164
0.4926712 -2.2860299 -0.0054098
0.4926822 -2.2853823 -0.0054094
0.4908268 -2.2852898 -0.0054186
0.4923424 -2.2856331 -0.0054122
0.4925957 -2.2862574 -0.0054075
0.4930304 -2.2857384 -0.0054155
0.4927700 -2.2857162 -0.0054138
0.4925651 -2.2852244 -0.0054197
0.4914645 -2.2854579 -0.0054081
0.4920502 -2.2858312 -0.0054087
0.4924191 -2.2854269 -0.0054135
0.4915631 -2.2852088 -0.0054216
0.4912123 -2.2852862 -0.0054262
0.4910692 -2.2854948 -0.0054201
0.4913147 -2.2850833 -0.0054245
0.4911892 -2.2856099 -0.0054143
0.4928437 -2.2857299 -0.0054115
0.4905694 -2.2859816 -0.0054184
0.4906381 -2.2852353 -0.0054240
0.4911989 -2.2854101 -0.0054229
0.4923362 -2.2861648 -0.0054124
0.4934164 -2.2863542 -0.0054052
0.4917525 -2.2859647 -0.0054200
0.4923525 -2.2856990 -0.0054116
0.4928271 -2.2851747 -0.0054130
0.4924311 -2.2852962 -0.0054186
0.4929176 -2.2863046 -0.0054147
0.4925445 -2.2855892 -0.0054152
0.4927875 -2.2859997 -0.0054142
0.4925057 -2.2858094 -0.0054158
0.4921176 -2.2850054 -0.0054137
0.4920902 -2.2856699 -0.0054103
0.4915614 -2.2856927 -0.0054156
0.4920704 -2.2854701 -0.0054051
0.4922476 -2.2852515 -0.0054151
0.4917868 -2.2854978 -0.0054126
0.4916270 -2.2856830 -0.0054100
0.4926136 -2.2852105 -0.0054102
0.4914036 -2.2852694 -0.0054190
0.4933736 -2.2852469 -0.0054093
0.4914760 -2.2855676 -0.0054224
0.4921507 -2.2855597 -0.0054146
0.4921673 -2.2849713 -0.0054164
0.4928960 -2.2859097 -0.0054121
0.4933854 -2.2856346 -0.0054090
0.4927752 -2.2853797 -0.0054138
0.4910112 -2.2856395 -0.0054226
0.4932204 -2.2851191 -0.0054100
0.4916566 -2.2854177 -0.0054200
0.4930703 -2.2851269 -0.0054110
0.4932513 -2.2852524 -0.0054066
0.4923231 -2.2851939 -0.0054141
0.4926073 -2.2850937 -0.0054180
0.4936354 -2.2853550 -0.0054126
0.4917745 -2.2855158 -0.0054160
0.4932643 -2.2851898 -0.0054103
0.4912989 -2.2854482 -0.0054150
0.4923278 -2.2851373 -0.0054182
0.4930911 -2.2851120 -0.0054073
0.4933990 -2.2857808 -0.0054129
0.4926286 -2.2856120 -0.0054111
0.4935562 -2.2854493 -0.0054067
0.4935314 -2.2855895 -0.0054122
0.4929612 -2.2857119 -0.0054066
0.4933655 -2.2850550 -0.0054094
0.4935723 -2.2857625 -0.0054044
0.4925858 -2.2855709 -0.0054083
0.4921223 -2.2853203 -0.0054154
0.4930685 -2.2857223 -0.0054141
0.4934459 -2.2856285 -0.0054062
0.4929530 -2.2857505 -0.0054138
0.4918915 -2.2857451 -0.0054216
0.4932108 -2.2856565 -0.0054100
0.4933940 -2.2855935 -0.0054118
0.4931353 -2.2860430 -0.0054112
0.4931441 -2.2852508 -0.0054129
0.4930340 -2.2858683 -0.0054103
0.4931896 -2.2851156 -0.0054147
0.4922172 -2.2857430 -0.0054176
0.4923989 -2.2853745 -0.0054147
0.4927331 -2.2852923 -0.0054143
0.4929427 -2.2861873 -0.0054115
0.4925961 -2.2855830 -0.0054133
0.4930107 -2.2854375 -0.0054235
0.4927710 -2.2852466 -0.0054098
0.4929731 -2.2864486 -0.0054042
0.4931647 -2.2860931 -0.0054156
0.4915820 -2.2857655 -0.0054153
0.4923789 -2.2854077 -0.0054163
0.4929788 -2.2858246 -0.0054114
0.4922890 -2.2857815 -0.0054201
0.4932469 -2.2853751 -0.0054127
0.4931586 -2.2860453 -0.0054060
0.4931173 -2.2863612 -0.0054044
0.4923214 -2.2855356 -0.0054119
0.4927977 -2.2860893 -0.0054100
0.4931946 -2.2866795 -0.0054033
0.4932624 -2.2868273 -0.0054046
0.4931738 -2.2859330 -0.0054116
0.4932648 -2.2863299 -0.0054062
0.4921709 -2.2868040 -0.0054091
0.4919830 -2.2856462 -0.0054095
0.4936078 -2.2861586 -0.0054061
0.4924330 -2.2856251 -0.0054103
0.4931462 -2.2864502 -0.0054118
0.4927311 -2.2863752 -0.0054083
0.4924877 -2.2855175 -0.0054126
0.4934166 -2.2858389 -0.0054047
0.4927454 -2.2855268 -0.0054169
0.4929693 -2.2863675 -0.0054090
0.4928306 -2.2866190 -0.0054060
0.4935192 -2.2866454 -0.0054109
0.4931146 -2.2864823 -0.0054088
0.4926165 -2.2865190 -0.0054161
0.4927766 -2.2855505 -0.0054152
0.4924735 -2.2856331 -0.0054047
0.4926281 -2.2860911 -0.0054062
0.4920204 -2.2860743 -0.0054090
0.4919940 -2.2866897 -0.0054119
0.4935756 -2.2866496 -0.0054052
0.4925802 -2.2850821 -0.0054175
0.4929911 -2.2872268 -0.0054037
0.4924836 -2.2870245 -0.0054106
0.4931253 -2.2870766 -0.0054023
0.4919085 -2.2856556 -0.0054113
0.4923243 -2.2862993 -0.0054109
0.4930687 -2.2861837 -0.0054118
0.4922593 -2.2854228 -0.0054132
0.4924387 -2.2858021 -0.0054131
0.4928083 -2.2862111 -0.0054111
0.4925301 -2.2861237 -0.0054118
0.4931613 -2.2872073 -0.0054045
0.4924427 -2.2866883 -0.0054095
0.4923079 -2.2855647 -0.0054132
0.4927730 -2.2865561 -0.0054094
0.4931523 -2.2855428 -0.0054086
0.4925332 -2.2869295 -0.0054094
0.4929275 -2.2855886 -0.0054126
0.4924047 -2.2867610 -0.0054083
0.4932820 -2.2857489 -0.0054121
0.4927341 -2.2865635 -0.0054059
0.4923796 -2.2864640 -0.0054162
0.4915136 -2.2855571 -0.0054143
0.4930337 -2.2871126 -0.0054029
0.4914702 -2.2854726 -0.0054094
0.4923387 -2.2865301 -0.0054106
0.4923776 -2.2855249 -0.0054123
0.4929097 -2.2857677 -0.0054142
0.4920230 -2.2865405 -0.0054135
0.4928580 -2.2856098 -0.0054235
0.4918159 -2.2853873 -0.0054151
0.4928722 -2.2858429 -0.0054130
0.4924812 -2.2857517 -0.0054101
0.4922944 -2.2868826 -0.0054085
0.4925623 -2.2856934 -0.0054173
0.4921004 -2.2861917 -0.0054154
0.4919662 -2.2850835 -0.0054215
0.4925784 -2.2869344 -0.0054066
0.4927640 -2.2859836 -0.0054108
0.4921999 -2.2867480 -0.0054101
0.4923595 -2.2861534 -0.0054156
0.4925509 -2.2867970 -0.0054090
0.4928983 -2.2866373 -0.0054109
0.4929359 -2.2859434 -0.0054072
0.4928229 -2.2851010 -0.0054192
0.4921232 -2.2868610 -0.0054094
0.4929320 -2.2867769 -0.0054093
0.4928146 -2.2875103 -0.0054064
0.4929154 -2.2857677 -0.0054148
0.4921231 -2.2864888 -0.0054133
0.4927047 -2.2852329 -0.0054165
0.4921308 -2.2871987 -0.0054098
0.4927087 -2.2869017 -0.0054075
0.4923746 -2.2858621 -0.0054103
0.4917280 -2.2860492 -0.0054098
0.4926405 -2.2853882 -0.0054131
0.4927383 -2.2864572 -0.0054061
0.4924552 -2.2873408 -0.0054100
0.4921628 -2.2856553 -0.0054093
0.4929042 -2.2865324 -0.0054100
0.4917439 -2.2856452 -0.0054136
0.4922129 -2.2855715 -0.0054144
0.4925602 -2.2854311 -0.0054144
0.4921353 -2.2859015 -0.0054128
0.4926041 -2.2863026 -0.0054143
0.4928432 -2.2869722 -0.0054108
0.4921282 -2.2875811 -0.0054126
0.4925407 -2.2881004 -0.0053995
0.4927019 -2.2856468 -0.0054151
0.4924670 -2.2880780 -0.0054043
0.4926220 -2.2858126 -0.0054110
0.4920486 -2.2861392 -0.0054121
0.4926982 -2.2860986 -0.0054088
0.4923260 -2.2861587 -0.0054116
0.4923658 -2.2853398 -0.0054207
0.4922001 -2.2853606 -0.0054168
0.4927580 -2.2874142 -0.0054075
0.4929908 -2.2856120 -0.0054101
0.4926469 -2.2859102 -0.0054156
0.4920075 -2.2854305 -0.0054179
0.4930252 -2.2857887 -0.0054099
0.4929743 -2.2863530 -0.0054117
0.4924043 -2.2858599 -0.0054130
0.4928276 -2.2877963 -0.0054012
0.4928625 -2.2873457 -0.0054080
0.4911080 -2.2856323 -0.0054237
0.4933862 -2.2867646 -0.0054165
0.4925048 -2.2864674 -0.0054158
0.4929763 -2.2861913 -0.0054156
0.4920880 -2.2852122 -0.0054249
0.4929672 -2.2882662 -0.0053955
0.4928647 -2.2865394 -0.0054131
0.4927943 -2.2859927 -0.0054134
0.4922106 -2.2869810 -0.0054117
0.4919964 -2.2855431 -0.0054198
0.4918787 -2.2864199 -0.0054176
0.4923744 -2.2860590 -0.0054174
0.4926470 -2.2886927 -0.0053955
0.4920351 -2.2852825 -0.0054217
0.4929582 -2.2884334 -0.0053977
0.4916078 -2.2855421 -0.0054196
0.4931374 -2.2869158 -0.0054125
0.4921155 -2.2852609 -0.0054261
0.4925710 -2.2857926 -0.0054178
0.4926019 -2.2871186 -0.0054175
0.4921912 -2.2854394 -0.0054206
0.4918206 -2.2849446 -0.0054195
0.4922954 -2.2858465 -0.0054157
0.4917434 -2.2854043 -0.0054155
0.4924202 -2.2859984 -0.0054110
0.4924999 -2.2848019 -0.0054209
0.4920346 -2.2850977 -0.0054251
0.4923044 -2.2849507 -0.0054154
0.4921483 -2.2850922 -0.0054213
0.4922216 -2.2862391 -0.0054084
0.4924817 -2.2853061 -0.0054139
0.4918328 -2.2852204 -0.0054146
0.4917702 -2.2853938 -0.0054206
0.4924528 -2.2856891 -0.0054146
0.4925855 -2.2859690 -0.0054081
0.4924354 -2.2856434 -0.0054142
0.4923273 -2.2856824 -0.0054139
0.4926801 -2.2855006 -0.0054156
0.4915715 -2.2852926 -0.0054256
0.4915237 -2.2849018 -0.0054208
0.4926689 -2.2852716 -0.0054166
0.4915212 -2.2850590 -0.0054248
0.4925377 -2.2854098 -0.0054149
0.4921361 -2.2853501 -0.0054112
0.4923443 -2.2850916 -0.0054111
0.4923288 -2.2850163 -0.0054218
0.4925427 -2.2859242 -0.0054107
0.4922522 -2.2853643 -0.0054146
0.4928509 -2.2870017 -0.0054118
0.4921869 -2.2849466 -0.0054210
0.4918819 -2.2851647 -0.0054267
0.4925057 -2.2853919 -0.0054119
0.4920215 -2.2849119 -0.0054250
0.4929785 -2.2861255 -0.0054131
0.4925808 -2.2847815 -0.0054221
0.4925720 -2.2855907 -0.0054139
0.4925120 -2.2857096 -0.0054141
0.4925681 -2.2863012 -0.0054107
0.4928884 -2.2874847 -0.0054047
0.4928590 -2.2869109 -0.0054041
0.4923780 -2.2866708 -0.0054040
0.4926902 -2.2865903 -0.0054110
0.4920461 -2.2853507 -0.0054169
0.4928281 -2.2863317 -0.0054157
0.4913552 -2.2854779 -0.0054167
0.4928725 -2.2864601 -0.0054111
0.4911143 -2.2853175 -0.0054217
0.4925369 -2.2854228 -0.0054213
0.4926041 -2.2861234 -0.0054144
0.4926595 -2.2867806 -0.0054143
0.4921293 -2.2854649 -0.0054203
0.4928469 -2.2882546 -0.0054068
0.4920474 -2.2855029 -0.0054184
0.4927266 -2.2860175 -0.0054116
0.4924876 -2.2860239 -0.0054209
0.4921682 -2.2854202 -0.0054187
0.4929877 -2.2857990 -0.0054170
0.4929828 -2.2872804 -0.0054127
0.4921002 -2.2852368 -0.0054216
0.4928427 -2.2870988 -0.0054161
0.4926770 -2.2854525 -0.0054107
0.4929187 -2.2861505 -0.0054162
0.4919002 -2.2850849 -0.0054158
0.4929608 -2.2858021 -0.0054103
0.4927177 -2.2872598 -0.0054081
0.4924561 -2.2871470 -0.0054159
0.4931555 -2.2869479 -0.0054139
0.4924810 -2.2861846 -0.0054065
0.4930451 -2.2867800 -0.0054118
0.4930335 -2.2866222 -0.0054117
0.4933242 -2.2871591 -0.0053968
0.4932169 -2.2867431 -0.0054088
0.4927085 -2.2858941 -0.0054122
0.4920325 -2.2851915 -0.0054204
0.4926944 -2.2849040 -0.0054144
0.4935158 -2.2863034 -0.0054045
0.4927169 -2.2862524 -0.0054089
0.4933819 -2.2858094 -0.0054113
0.4929247 -2.2860798 -0.0054175
0.4932917 -2.2864322 -0.0054145
0.4922331 -2.2871400 -0.0054039
0.4931195 -2.2864065 -0.0054169
0.4930497 -2.2861752 -0.0054139
0.4924885 -2.2857189 -0.0054218
0.4920176 -2.2849784 -0.0054222
0.4918625 -2.2853730 -0.0054230
0.4924520 -2.2868957 -0.0054204
0.4919279 -2.2850381 -0.0054245
0.4926218 -2.2851156 -0.0054203
0.4923466 -2.2861869 -0.0054225
0.4919485 -2.2852466 -0.0054228
0.4925681 -2.2867363 -0.0054147
0.4926082 -2.2854876 -0.0054182
0.4925179 -2.2852213 -0.0054182
0.4920590 -2.2863221 -0.0054151
0.4929406 -2.2884915 -0.0053952
0.4930343 -2.2862627 -0.0054117
0.4916183 -2.2859367 -0.0054077
0.4923858 -2.2873282 -0.0054097
0.4918249 -2.2850526 -0.0054174
0.4927673 -2.2857616 -0.0054121
0.4930152 -2.2854555 -0.0054195
0.4925261 -2.2851199 -0.0054171
0.4920950 -2.2850377 -0.0054230
0.4931833 -2.2878800 -0.0054037
0.4926399 -2.2864483 -0.0054131
0.4934804 -2.2862866 -0.0054038
0.4931171 -2.2868308 -0.0054119
0.4934508 -2.2849681 -0.0054141
0.4931201 -2.2875645 -0.0054030
0.4931076 -2.2857986 -0.0054169
0.4936072 -2.2874993 -0.0053998
0.4930097 -2.2861721 -0.0054132
0.4934834 -2.2871451 -0.0054057
0.4929911 -2.2875406 -0.0053945
0.4932962 -2.2879074 -0.0053938
0.4923353 -2.2860399 -0.0054058
0.4919871 -2.2855715 -0.0054221
0.4933257 -2.2862431 -0.0054118
0.4917073 -2.2852085 -0.0054237
0.4931850 -2.2867306 -0.0054092
0.4932983 -2.2873410 -0.0054048
0.4915675 -2.2860092 -0.0054180
0.4933148 -2.2868494 -0.0054080
0.4924745 -2.2859815 -0.0054146
0.4929657 -2.2864885 -0.0054138
0.4934242 -2.2870492 -0.0053992
0.4913657 -2.2856145 -0.0054161
0.4917389 -2.2853704 -0.0054167
0.4931516 -2.2861343 -0.0054142
0.4936228 -2.2860425 -0.0054059
0.4932725 -2.2857336 -0.0054068
0.4934132 -2.2867139 -0.0054104
0.4913306 -2.2865613 -0.0054130
0.4930542 -2.2861346 -0.0054119
0.4928853 -2.2867453 -0.0054146
0.4935393 -2.2858747 -0.0054076
0.4929927 -2.2867686 -0.0054096
0.4931187 -2.2868167 -0.0054116
0.4934957 -2.2861139 -0.0054102
0.4931824 -2.2875243 -0.0054014
0.4930282 -2.2862347 -0.0054123
0.4930895 -2.2867731 -0.0054073
0.4927873 -2.2860099 -0.0054092
0.4927567 -2.2873449 -0.0054064
0.4925938 -2.2854062 -0.0054153
0.4927164 -2.2863978 -0.0054127
0.4928852 -2.2860375 -0.0054050
0.4920129 -2.2858761 -0.0054162
0.4924437 -2.2863500 -0.0054121
0.4929548 -2.2858301 -0.0054149
0.4922374 -2.2865609 -0.0054104
0.4927553 -2.2855064 -0.0054149
0.4929497 -2.2856102 -0.0054157
0.4919605 -2.2850815 -0.0054154
0.4927202 -2.2869706 -0.0054111
0.4923363 -2.2862379 -0.0054109
0.4922270 -2.2867847 -0.0054126
0.4927990 -2.2870035 -0.0054122
0.4923613 -2.2866050 -0.0054115
0.4924886 -2.2863579 -0.0054128
0.4922332 -2.2872543 -0.0054059
0.4924007 -2.2869364 -0.0054062
0.4922924 -2.2862291 -0.0054122
0.4923666 -2.2871920 -0.0054076
0.4920087 -2.2862872 -0.0054074
0.4920151 -2.2862566 -0.0054104
0.4920572 -2.2857865 -0.0054126
0.4925643 -2.2869786 -0.0054028
0.4920433 -2.2852670 -0.0054157
0.4916175 -2.2846442 -0.0054311
0.4917151 -2.2861179 -0.0054117
0.4918729 -2.2855213 -0.0054144
0.4920159 -2.2861477 -0.0054143
0.4925019 -2.2864840 -0.0054033
0.4924600 -2.2863786 -0.0054087
0.4923632 -2.2857476 -0.0054105
0.4929475 -2.2865831 -0.0053978
0.4928679 -2.2866831 -0.0054044
0.4929198 -2.2869218 -0.0054068
0.4926993 -2.2862700 -0.0054071
0.4929313 -2.2863431 -0.0054059
0.4927192 -2.2855606 -0.0054135
0.4919184 -2.2854552 -0.0054161
0.4917237 -2.2858015 -0.0054217
0.4923317 -2.2851254 -0.0054119
0.4924554 -2.2859294 -0.0054228
0.4916990 -2.2852378 -0.0054182
0.4918440 -2.2856232 -0.0054168
0.4929266 -2.2850313 -0.0054158
0.4926025 -2.2858082 -0.0054108
0.4925717 -2.2854459 -0.0054142
0.4932378 -2.2864112 -0.0054042
0.4932425 -2.2859419 -0.0054061
0.4909154 -2.2857205 -0.0054191
0.4926661 -2.2854147 -0.0054201
0.4930122 -2.2858015 -0.0054156
0.4926950 -2.2858424 -0.0054133
0.4924832 -2.2852770 -0.0054184
0.4931114 -2.2859279 -0.0054100
0.4926824 -2.2850980 -0.0054130
0.4929920 -2.2853934 -0.0054126
0.4923691 -2.2850882 -0.0054224
0.4919977 -2.2857902 -0.0054195
0.4934234 -2.2855380 -0.0054099
0.4929898 -2.2855505 -0.0054132
0.4931551 -2.2860715 -0.0054135
0.4914995 -2.2851656 -0.0054213
0.4926472 -2.2850788 -0.0054219
0.4926886 -2.2853919 -0.0054157
0.4923771 -2.2850958 -0.0054173
0.4925486 -2.2853224 -0.0054146
0.4924784 -2.2858465 -0.0054179
0.4934513 -2.2859140 -0.0054129
0.4924978 -2.2853360 -0.0054140
0.4924727 -2.2849379 -0.0054236
0.4926608 -2.2859489 -0.0054162
0.4920968 -2.2853891 -0.0054170
0.4925305 -2.2852250 -0.0054207
0.4932348 -2.2854619 -0.0054125
0.4930713 -2.2854354 -0.0054105
0.4917291 -2.2853788 -0.0054174
0.4927270 -2.2863652 -0.0054115
0.4924240 -2.2855195 -0.0054106
0.4934419 -2.2861145 -0.0054101
0.4925283 -2.2860177 -0.0054081
0.4934699 -2.2861133 -0.0054070
0.4932180 -2.2861814 -0.0054094
0.4931307 -2.2863116 -0.0054067
0.4932310 -2.2866687 -0.0054087
0.4929265 -2.2851787 -0.0054123
0.4935638 -2.2863685 -0.0054028
0.4934773 -2.2857981 -0.0054061
0.4933100 -2.2860996 -0.0054077
0.4932210 -2.2868525 -0.0053989
0.4933491 -2.2862958 -0.0054067
0.4918398 -2.2851912 -0.0054148
0.4932228 -2.2860448 -0.0054046
0.4915205 -2.2850593 -0.0054189
0.4923044 -2.2850964 -0.0054203
0.4931115 -2.2859422 -0.0054099
0.4931965 -2.2857115 -0.0054108
0.4932391 -2.2858840 -0.0054113
0.4934516 -2.2857646 -0.0054034
0.4933574 -2.2862351 -0.0054110
0.4932679 -2.2860264 -0.0054152
0.4932607 -2.2861191 -0.0054099
0.4927088 -2.2855912 -0.0054188
0.4923635 -2.2853830 -0.0054149
0.4917952 -2.2854429 -0.0054206
0.4932748 -2.2854409 -0.0054176
0.4926669 -2.2850371 -0.0054178
0.4930165 -2.2858149 -0.0054100
0.4922035 -2.2852755 -0.0054207
0.4919377 -2.2857247 -0.0054139
0.4928997 -2.2853746 -0.0054174
0.4934003 -2.2860948 -0.0054167
0.4935833 -2.2867690 -0.0054090
0.4924044 -2.2866469 -0.0054132
0.4930808 -2.2866702 -0.0054147
0.4921538 -2.2855482 -0.0054174
0.4934634 -2.2862735 -0.0054083
0.4930049 -2.2856166 -0.0054135
0.4915360 -2.2850048 -0.0054212
0.4922769 -2.2867169 -0.0054177
0.4930235 -2.2851286 -0.0054191
0.4927581 -2.2856663 -0.0054142
0.4932514 -2.2860110 -0.0054170
0.4930943 -2.2856927 -0.0054127
0.4933795 -2.2866834 -0.0054113
0.4930427 -2.2870160 -0.0054101
0.4926009 -2.2853471 -0.0054152
0.4933393 -2.2859513 -0.0054210
0.4920893 -2.2853003 -0.0054215
0.4918649 -2.2855134 -0.0054224
0.4932298 -2.2864818 -0.0054107
0.4930763 -2.2859370 -0.0054103
0.4926527 -2.2861091 -0.0054122
0.4933694 -2.2864392 -0.0054155
0.4933837 -2.2862824 -0.0054143
0.4928356 -2.2858800 -0.0054163
0.4925131 -2.2853076 -0.0054173
0.4922190 -2.2859324 -0.0054135
0.4925998 -2.2858057 -0.0054191
0.4919589 -2.2852682 -0.0054199
0.4920147 -2.2858599 -0.0054179
0.4932886 -2.2865762 -0.0054081
0.4922710 -2.2855674 -0.0054152
0.4932486 -2.2867998 -0.0054095
0.4932161 -2.2864550 -0.0054043
0.4934456 -2.2867233 -0.0054075
0.4933437 -2.2869364 -0.0054021
0.4929354 -2.2855441 -0.0054085
0.4924872 -2.2848696 -0.0054205
0.4930824 -2.2865861 -0.0054030
0.4923087 -2.2852968 -0.0054158
0.4925277 -2.2854817 -0.0054149
0.4929522 -2.2856909 -0.0054220
0.4931893 -2.2859999 -0.0054136
0.4921038 -2.2851053 -0.0054180
0.4924422 -2.2855571 -0.0054100
0.4926407 -2.2855217 -0.0054197
0.4911206 -2.2853699 -0.0054249
0.4918104 -2.2856830 -0.0054152
0.4919708 -2.2855220 -0.0054200
0.4922311 -2.2850868 -0.0054198
0.4915423 -2.2852297 -0.0054235
0.4915620 -2.2857879 -0.0054167
0.4921462 -2.2850800 -0.0054226
0.4926978 -2.2847727 -0.0054180
0.4923022 -2.2853947 -0.0054162
0.4919584 -2.2853421 -0.0054282
0.4921443 -2.2852448 -0.0054228
0.4924856 -2.2854707 -0.0054169
0.4929810 -2.2852364 -0.0054166
0.4931825 -2.2870780 -0.0054056
0.4932348 -2.2862178 -0.0054063
0.4928656 -2.2854270 -0.0054145
0.4931715 -2.2858965 -0.0054140
0.4917690 -2.2851424 -0.0054203
0.4923038 -2.2854636 -0.0054138
0.4927570 -2.2852027 -0.0054158
0.4924277 -2.2856341 -0.0054135
0.4907608 -2.2852231 -0.0054215
0.4914483 -2.2858341 -0.0054110
0.4927286 -2.2849880 -0.0054179
0.4907227 -2.2853562 -0.0054222
0.4932561 -2.2866084 -0.0054011
0.4923200 -2.2857058 -0.0054103
0.4917640 -2.2849073 -0.0054174
0.4924171 -2.2860241 -0.0054141
0.4928939 -2.2862623 -0.0054052
0.4923792 -2.2852914 -0.0054184
0.4912714 -2.2857069 -0.0054169
0.4923865 -2.2852914 -0.0054184
0.4923313 -2.2850203 -0.0054186
0.4921404 -2.2852173 -0.0054205
0.4926312 -2.2856294 -0.0054166
0.4916620 -2.2850524 -0.0054178
0.4935319 -2.2859857 -0.0054119
0.4935287 -2.2856804 -0.0054185
0.4931647 -2.2868601 -0.0054020
0.4931883 -2.2861439 -0.0054073
0.4933502 -2.2856448 -0.0054106
0.4921200 -2.2860672 -0.0054147
0.4928207 -2.2852694 -0.0054095
0.4921282 -2.2860099 -0.0054167
0.4930926 -2.2859455 -0.0054079
0.4916852 -2.2863411 -0.0054099
0.4921254 -2.2863108 -0.0054118
0.4921133 -2.2855837 -0.0054106
0.4914840 -2.2850879 -0.0054192
0.4929142 -2.2866862 -0.0054097
0.4913257 -2.2852484 -0.0054192
0.4915295 -2.2849085 -0.0054300
0.4912071 -2.2854427 -0.0054235
0.4917372 -2.2861276 -0.0054216
0.4904833 -2.2852923 -0.0054268
0.4917270 -2.2856261 -0.0054197
0.4906498 -2.2859716 -0.0054213
0.4913219 -2.2856888 -0.0054154
0.4910433 -2.2863716 -0.0054125
0.4913146 -2.2862041 -0.0054175
0.4911326 -2.2856979 -0.0054249
0.4913983 -2.2853785 -0.0054266
0.4918523 -2.2865960 -0.0054169
0.4914342 -2.2867346 -0.0054164
0.4916443 -2.2869173 -0.0054178
0.4914205 -2.2859134 -0.0054181
0.4916475 -2.2873766 -0.0054121
0.4918516 -2.2869703 -0.0054119
0.4921413 -2.2868924 -0.0054131
0.4922864 -2.2866548 -0.0054058
0.4921206 -2.2861834 -0.0054188
0.4921262 -2.2865229 -0.0054134
0.4921411 -2.2857433 -0.0054135
0.4911939 -2.2859909 -0.0054166
0.4922162 -2.2869883 -0.0054140
0.4914758 -2.2855840 -0.0054201
0.4918383 -2.2855012 -0.0054181
0.4919343 -2.2852429 -0.0054167
0.4919765 -2.2855627 -0.0054138
0.4918940 -2.2858607 -0.0054089
0.4921527 -2.2854214 -0.0054207
0.4923151 -2.2864940 -0.0054089
0.4911460 -2.2851712 -0.0054228
0.4920380 -2.2859839 -0.0054170
0.4918145 -2.2851274 -0.0054191
0.4927826 -2.2858124 -0.0054092
0.4930051 -2.2860978 -0.0054116
0.4927317 -2.2858508 -0.0054105
0.4926121 -2.2848560 -0.0054154
0.4926237 -2.2851397 -0.0054163
0.4927574 -2.2850773 -0.0054277
0.4930059 -2.2850495 -0.0054138
0.4927953 -2.2857008 -0.0054083
0.4915988 -2.2851540 -0.0054160
0.4929743 -2.2849204 -0.0054150
0.4917850 -2.2853992 -0.0054211
0.4928711 -2.2853118 -0.0054148
0.4921862 -2.2851513 -0.0054205
0.4927640 -2.2851424 -0.0054132
0.4919264 -2.2850913 -0.0054126
0.4925489 -2.2848294 -0.0054233
0.4924633 -2.2850096 -0.0054160
0.4918469 -2.2849110 -0.0054225
0.4926821 -2.2853255 -0.0054115
0.4914990 -2.2851016 -0.0054226
0.4928103 -2.2850145 -0.0054188
0.4922169 -2.2853899 -0.0054210
0.4921530 -2.2857500 -0.0054113
0.4925058 -2.2849831 -0.0054187
0.4925459 -2.2851245 -0.0054217
0.4923288 -2.2852275 -0.0054152
0.4925992 -2.2847849 -0.0054212
0.4927753 -2.2855042 -0.0054133
0.4929593 -2.2859336 -0.0054105
0.4926133 -2.2858607 -0.0054085
0.4918724 -2.2852103 -0.0054190
0.4925063 -2.2850731 -0.0054255
0.4921210 -2.2857141 -0.0054221
0.4920373 -2.2855840 -0.0054148
0.4923499 -2.2848929 -0.0054226
0.4918956 -2.2853087 -0.0054202
0.4926979 -2.2849551 -0.0054205
0.4925103 -2.2855633 -0.0054147
0.4923755 -2.2850951 -0.0054251
0.4927261 -2.2855015 -0.0054146
0.4919977 -2.2850801 -0.0054222
0.4922621 -2.2853736 -0.0054116
0.4924972 -2.2853664 -0.0054186
0.4916560 -2.2850349 -0.0054233
0.4921622 -2.2849591 -0.0054131
0.4928591 -2.2849050 -0.0054176
0.4921806 -2.2848530 -0.0054187
0.4921942 -2.2849232 -0.0054206
0.4923825 -2.2851112 -0.0054138
0.4926885 -2.2851580 -0.0054133
0.4924011 -2.2846156 -0.0054204
0.4928344 -2.2849137 -0.0054170
0.4928864 -2.2847677 -0.0054216
0.4927448 -2.2846655 -0.0054222
0.4920085 -2.2849856 -0.0054202
0.4917456 -2.2847279 -0.0054285
0.4918927 -2.2847066 -0.0054232
0.4919994 -2.2850774 -0.0054204
0.4918785 -2.2850154 -0.0054214
0.4927309 -2.2849326 -0.0054214
0.4920921 -2.2846282 -0.0054216
0.4923605 -2.2849391 -0.0054187
0.4923604 -2.2849291 -0.0054188
0.4923932 -2.2851135 -0.0054214
0.4902363 -2.2851605 -0.0054217
0.4923260 -2.2846168 -0.0054196
0.4926245 -2.2847654 -0.0054249
0.4923166 -2.2848424 -0.0054268
0.4917001 -2.2850986 -0.0054182
0.4926135 -2.2848543 -0.0054163
0.4923010 -2.2849941 -0.0054192
0.4920778 -2.2848930 -0.0054227
0.4924463 -2.2848123 -0.0054206
0.4928943 -2.2853226 -0.0054135
0.4927957 -2.2851750 -0.0054148
0.4919109 -2.2849003 -0.0054248
0.4932121 -2.2852309 -0.0054222
0.4931933 -2.2855073 -0.0054156
0.4933285 -2.2851312 -0.0054119
0.4926529 -2.2850977 -0.0054125
0.4923794 -2.2849034 -0.0054147
0.4916771 -2.2851505 -0.0054198
0.4920783 -2.2850900 -0.0054136
0.4919714 -2.2852761 -0.0054212
0.4929610 -2.2849295 -0.0054151
0.4920349 -2.2850100 -0.0054206
0.4927371 -2.2850287 -0.0054197
0.4916023 -2.2852172 -0.0054195
0.4922826 -2.2852478 -0.0054176
0.4926448 -2.2849871 -0.0054135
0.4921796 -2.2854617 -0.0054229
0.4920211 -2.2854071 -0.0054121
0.4917849 -2.2854579 -0.0054145
0.4917198 -2.2853023 -0.0054132
0.4921628 -2.2850537 -0.0054226
0.4919364 -2.2851704 -0.0054112
0.4921879 -2.2855513 -0.0054100
0.4919403 -2.2852789 -0.0054138
0.4926350 -2.2853249 -0.0054102
0.4921093 -2.2853398 -0.0054118
0.4916737 -2.2855012 -0.0054127
0.4930567 -2.2851586 -0.0054109
0.4928277 -2.2850859 -0.0054086
0.4920731 -2.2854257 -0.0054112
0.4927560 -2.2852390 -0.0054106
0.4923666 -2.2854406 -0.0054122
0.4917284 -2.2858307 -0.0054163
0.4906184 -2.2856629 -0.0054189
0.4922365 -2.2855470 -0.0054126
0.4913007 -2.2853404 -0.0054167
0.4929744 -2.2851522 -0.0054161
0.4925278 -2.2852627 -0.0054111
0.4926813 -2.2854919 -0.0054125
0.4918701 -2.2854942 -0.0054139
0.4913827 -2.2853807 -0.0054186
0.4910007 -2.2856024 -0.0054192
0.4927375 -2.2853947 -0.0054175
0.4921781 -2.2856599 -0.0054191
0.4931744 -2.2854391 -0.0054060
0.4919883 -2.2858915 -0.0054162
0.4932653 -2.2857878 -0.0054129
0.4927040 -2.2856398 -0.0054136
0.4932196 -2.2855234 -0.0054076
0.4933914 -2.2856719 -0.0054044
0.4931690 -2.2853739 -0.0054174
0.4932433 -2.2856830 -0.0054118
0.4917874 -2.2859288 -0.0054110
0.4930507 -2.2857832 -0.0054008
0.4930935 -2.2860177 -0.0054032
0.4921910 -2.2854193 -0.0054167
0.4924190 -2.2849830 -0.0054294
0.4926223 -2.2852161 -0.0054135
0.4926474 -2.2858103 -0.0054067
0.4928649 -2.2858648 -0.0054088
0.4927951 -2.2855316 -0.0054126
0.4933095 -2.2860070 -0.0054146
0.4935488 -2.2858405 -0.0054102
0.4929662 -2.2859495 -0.0054027
0.4932951 -2.2856367 -0.0054092
0.4928589 -2.2856553 -0.0054062
0.4934926 -2.2856215 -0.0053986
0.4917587 -2.2855015 -0.0054152
0.4928762 -2.2856513 -0.0054056
0.4934252 -2.2854375 -0.0054099
0.4931714 -2.2859738 -0.0053994
0.4918265 -2.2853206 -0.0054136
0.4929470 -2.2858822 -0.0054022
0.4923631 -2.2859026 -0.0054039
0.4921226 -2.2859516 -0.0054068
0.4916066 -2.2861389 -0.0054132
0.4917000 -2.2855432 -0.0054159
0.4929111 -2.2855688 -0.0054012
0.4929622 -2.2860252 -0.0053987
0.4917792 -2.2856784 -0.0054153
0.4930184 -2.2859349 -0.0053943
0.4926561 -2.2856854 -0.0054069
0.4926769 -2.2853727 -0.0054075
0.4918749 -2.2859078 -0.0054096
0.4920368 -2.2855778 -0.0054198
0.4911631 -2.2859382 -0.0054187
0.4916363 -2.2851491 -0.0054152
0.4913165 -2.2854095 -0.0054151
0.4914864 -2.2854747 -0.0054202
0.4920705 -2.2857159 -0.0054129
0.4923387 -2.2852796 -0.0054174
0.4930560 -2.2857127 -0.0053964
0.4923488 -2.2858366 -0.0054117
0.4927140 -2.2860896 -0.0054029
0.4925075 -2.2854260 -0.0054138
0.4929750 -2.2861283 -0.0054006
0.4930280 -2.2859443 -0.0054006
0.4934679 -2.2864622 -0.0054007
0.4927072 -2.2861432 -0.0054052
0.4933077 -2.2856670 -0.0054002
0.4929136 -2.2861276 -0.0054110
0.4931061 -2.2858263 -0.0054027
0.4932228 -2.2866350 -0.0054033
0.4932375 -2.2858575 -0.0054119
0.4921685 -2.2855816 -0.0054135
0.4928864 -2.2856627 -0.0054145
0.4932955 -2.2858398 -0.0054105
0.4930579 -2.2860824 -0.0054052
0.4928132 -2.2864398 -0.0054126
0.4931905 -2.2866789 -0.0054039
0.4932736 -2.2863656 -0.0054047
0.4928271 -2.2854293 -0.0054092
0.4933269 -2.2856783 -0.0054097
0.4929888 -2.2862493 -0.0054077
0.4934708 -2.2861002 -0.0054143
0.4932288 -2.2859563 -0.0054041
0.4930211 -2.2863104 -0.0054114
0.4926112 -2.2863216 -0.0054133
0.4922485 -2.2854500 -0.0054108
0.4927185 -2.2858726 -0.0054076
0.4933652 -2.2856857 -0.0054124
0.4931573 -2.2857071 -0.0054032
0.4930351 -2.2858126 -0.0054154
0.4931246 -2.2866816 -0.0054062
0.4933783 -2.2863807 -0.0054036
0.4912110 -2.2855936 -0.0054176
0.4926718 -2.2863183 -0.0054120
0.4931608 -2.2858115 -0.0054110
0.4934132 -2.2869495 -0.0054043
0.4924816 -2.2855912 -0.0054140
0.4933742 -2.2860978 -0.0054093
0.4928180 -2.2852195 -0.0054129
0.4929903 -2.2863521 -0.0054078
0.4929335 -2.2864946 -0.0054060
0.4932664 -2.2862820 -0.0054088
0.4932898 -2.2865875 -0.0054040
0.4923133 -2.2861124 -0.0054141
0.4933227 -2.2863545 -0.0054110
0.4930395 -2.2872243 -0.0054027
0.4922270 -2.2854250 -0.0054161
0.4931613 -2.2873181 -0.0053991
0.4916052 -2.2855426 -0.0054184
0.4936268 -2.2862967 -0.0054067
0.4929675 -2.2861809 -0.0054092
0.4918100 -2.2857272 -0.0054165
0.4931195 -2.2870031 -0.0054087
0.4932435 -2.2876020 -0.0054038
0.4931664 -2.2861027 -0.0054098
0.4931317 -2.2857792 -0.0054138
0.4931677 -2.2873684 -0.0053997
0.4931816 -2.2868421 -0.0053905
0.4935053 -2.2865211 -0.0054108
0.4934242 -2.2869956 -0.0053970
0.4927629 -2.2861302 -0.0054112
0.4932538 -2.2869426 -0.0054066
0.4932034 -2.2864352 -0.0054014
0.4931485 -2.2863256 -0.0054011
0.4931906 -2.2870917 -0.0054092
0.4925869 -2.2859801 -0.0054128
0.4932147 -2.2869478 -0.0054011
0.4909254 -2.2857674 -0.0054215
0.4933236 -2.2865720 -0.0054023
0.4933487 -2.2875788 -0.0054001
0.4919461 -2.2851580 -0.0054169
0.4937145 -2.2864322 -0.0054040
0.4935567 -2.2866667 -0.0054105
0.4928235 -2.2869926 -0.0054007
0.4932456 -2.2870501 -0.0054007
0.4933399 -2.2862312 -0.0054092
0.4930216 -2.2852776 -0.0054125
0.4933863 -2.2862597 -0.0054029
0.4933232 -2.2863478 -0.0054066
0.4926336 -2.2858784 -0.0054133
0.4922223 -2.2855417 -0.0054148
0.4931999 -2.2874399 -0.0054006
0.4933089 -2.2864783 -0.0054043
0.4931490 -2.2868168 -0.0054063
0.4932716 -2.2865580 -0.0054021
0.4931879 -2.2871390 -0.0053999
0.4934148 -2.2875950 -0.0053944
0.4933221 -2.2866566 -0.0054082
0.4924824 -2.2858666 -0.0054115
0.4930531 -2.2866116 -0.0054018
0.4924684 -2.2859020 -0.0054090
0.4932871 -2.2866694 -0.0054025
0.4926236 -2.2855064 -0.0054128
0.4930035 -2.2863046 -0.0054115
0.4926753 -2.2849206 -0.0054154
0.4917127 -2.2858496 -0.0054153
0.4930683 -2.2861506 -0.0054107
0.4929915 -2.2870757 -0.0054005
0.4930010 -2.2862796 -0.0054024
0.4928919 -2.2858313 -0.0054158
0.4934513 -2.2871509 -0.0053953
0.4933246 -2.2871034 -0.0053892
0.4923072 -2.2863049 -0.0054096
0.4928882 -2.2867197 -0.0054117
0.4917826 -2.2861048 -0.0054120
0.4934817 -2.2867928 -0.0054042
0.4934726 -2.2862559 -0.0054047
0.4928986 -2.2854756 -0.0054089
0.4924636 -2.2854948 -0.0054142
0.4928731 -2.2863628 -0.0054059
0.4929683 -2.2872985 -0.0053946
0.4932928 -2.2865348 -0.0054015
0.4934549 -2.2859914 -0.0054046
0.4932527 -2.2862502 -0.0053962
0.4920617 -2.2856093 -0.0054217
0.4932305 -2.2866375 -0.0054082
0.4931314 -2.2874220 -0.0053900
0.4931205 -2.2874768 -0.0053960
0.4934804 -2.2859282 -0.0054093
0.4933230 -2.2865692 -0.0054030
0.4936612 -2.2860870 -0.0054044
0.4927451 -2.2851872 -0.0054124
0.4932626 -2.2851659 -0.0054106
0.4932155 -2.2873199 -0.0053845
0.4934493 -2.2856337 -0.0054015
0.4935230 -2.2860102 -0.0054079
0.4929670 -2.2859997 -0.0054154
0.4932499 -2.2862205 -0.0053971
0.4932332 -2.2870160 -0.0053917
0.4929095 -2.2855993 -0.0054119
0.4930924 -2.2863635 -0.0053940
0.4933189 -2.2873789 -0.0053956
0.4926428 -2.2858542 -0.0054112
0.4929536 -2.2862093 -0.0053941
0.4929351 -2.2866591 -0.0054064
0.4930946 -2.2855572 -0.0054117
0.4935612 -2.2862080 -0.0054062
0.4925234 -2.2850867 -0.0054212
0.4922952 -2.2850972 -0.0054162
0.4932001 -2.2865683 -0.0054029
0.4931624 -2.2863439 -0.0054077
0.4925014 -2.2851575 -0.0054118
0.4913209 -2.2850762 -0.0054159
0.4931145 -2.2859461 -0.0054112
0.4923867 -2.2852533 -0.0054218
0.4930889 -2.2859678 -0.0054078
0.4933586 -2.2861831 -0.0054043
0.4932632 -2.2860637 -0.0054025
0.4920093 -2.2854811 -0.0054149
0.4932638 -2.2866137 -0.0054002
0.4934693 -2.2860220 -0.0054047
0.4930236 -2.2862489 -0.0053974
0.4918396 -2.2851095 -0.0054205
0.4931023 -2.2868278 -0.0053962
0.4932668 -2.2868388 -0.0054011
0.4930288 -2.2874074 -0.0053917
0.4918534 -2.2853766 -0.0054170
0.4926034 -2.2854768 -0.0054128
0.4925725 -2.2854476 -0.0054156
0.4929465 -2.2875130 -0.0053906
0.4917025 -2.2853411 -0.0054184
0.4920935 -2.2853855 -0.0054210
0.4931013 -2.2874776 -0.0053998
0.4929789 -2.2877704 -0.0053893
0.4929688 -2.2868583 -0.0054121
0.4933291 -2.2864401 -0.0054001
0.4932007 -2.2863088 -0.0054002
0.4917714 -2.2859993 -0.0054217
0.4933107 -2.2867571 -0.0054079
0.4932571 -2.2865510 -0.0053984
0.4930892 -2.2864395 -0.0054053
0.4923323 -2.2850977 -0.0054191
0.4930705 -2.2871497 -0.0053924
0.4933231 -2.2857083 -0.0054062
0.4923362 -2.2856953 -0.0054129
0.4926982 -2.2850824 -0.0054127
0.4921481 -2.2853504 -0.0054149
0.4923271 -2.2858566 -0.0054128
0.4914535 -2.2861997 -0.0054153
0.4931153 -2.2876787 -0.0053894
0.4910832 -2.2854858 -0.0054176
0.4926011 -2.2865123 -0.0054101
0.4921089 -2.2852186 -0.0054222
0.4933176 -2.2875030 -0.0053939
0.4931144 -2.2869256 -0.0053951
0.4931698 -2.2870172 -0.0053953
0.4933863 -2.2865755 -0.0054012
0.4924149 -2.2863410 -0.0054089
0.4929641 -2.2860399 -0.0054108
0.4911425 -2.2851698 -0.0054216
0.4930947 -2.2859809 -0.0054033
0.4927640 -2.2860608 -0.0054031
0.4929903 -2.2861314 -0.0054008
0.4922987 -2.2853268 -0.0054125
0.4930351 -2.2863681 -0.0054021
0.4926371 -2.2853949 -0.0054095
0.4927695 -2.2860657 -0.0054080
0.4919477 -2.2853125 -0.0054199
0.4929877 -2.2864112 -0.0054069
0.4929406 -2.2853702 -0.0054111
0.4926833 -2.2856972 -0.0054100
0.4930745 -2.2860932 -0.0054103
0.4925155 -2.2857704 -0.0054100
0.4925422 -2.2847008 -0.0054245
0.4922204 -2.2861627 -0.0054107
0.4923331 -2.2856746 -0.0054142
0.4913858 -2.2861831 -0.0054144
0.4927702 -2.2865354 -0.0053989
0.4921570 -2.2865109 -0.0054181
0.4919130 -2.2850779 -0.0054287
0.4918934 -2.2849780 -0.0054261
0.4929247 -2.2860515 -0.0054088
0.4928347 -2.2857878 -0.0054121
0.4927129 -2.2865839 -0.0054126
0.4919837 -2.2850261 -0.0054260
0.4922324 -2.2855249 -0.0054193
0.4931591 -2.2868034 -0.0054197
0.4919551 -2.2854806 -0.0054168
0.4918492 -2.2859236 -0.0054138
0.4929185 -2.2862217 -0.0054127
0.4931562 -2.2863809 -0.0054155
0.4918792 -2.2848278 -0.0054232
0.4924644 -2.2868235 -0.0054122
0.4929228 -2.2864302 -0.0054136
0.4922342 -2.2850864 -0.0054210
0.4922812 -2.2865641 -0.0054193
0.4907045 -2.2859897 -0.0054161
0.4916361 -2.2853577 -0.0054242
0.4924403 -2.2859711 -0.0054145
0.4925858 -2.2858581 -0.0054214
0.4927851 -2.2857514 -0.0054168
0.4923465 -2.2854470 -0.0054160
0.4921920 -2.2857220 -0.0054174
0.4924535 -2.2868756 -0.0054155
0.4922282 -2.2847627 -0.0054138
0.4929536 -2.2870035 -0.0054147
0.4922613 -2.2850025 -0.0054216
0.4922277 -2.2850387 -0.0054160
0.4927179 -2.2860019 -0.0054170
0.4912435 -2.2850882 -0.0054248
0.4915514 -2.2858406 -0.0054194
0.4920809 -2.2862991 -0.0054191
0.4915810 -2.2850247 -0.0054170
0.4924905 -2.2861616 -0.0054187
0.4919925 -2.2854040 -0.0054140
0.4925074 -2.2854138 -0.0054179
0.4924919 -2.2860215 -0.0054156
0.4924889 -2.2879231 -0.0054139
0.4924753 -2.2867550 -0.0054143
0.4927748 -2.2862342 -0.0054099
0.4925824 -2.2880784 -0.0054047
0.4928645 -2.2869843 -0.0054013
0.4929979 -2.2869429 -0.0054136
0.4930673 -2.2874932 -0.0054018
0.4927430 -2.2871191 -0.0054079
0.4927284 -2.2879108 -0.0054062
0.4919645 -2.2867115 -0.0054144
0.4930099 -2.2879062 -0.0053958
0.4923204 -2.2852055 -0.0054189
0.4931106 -2.2865729 -0.0054074
0.4934517 -2.2861575 -0.0054080
0.4929308 -2.2864023 -0.0054065
0.4918652 -2.2851782 -0.0054185
0.4930872 -2.2877646 -0.0054004
0.4921006 -2.2870798 -0.0054152
0.4931501 -2.2879531 -0.0053996
0.4931012 -2.2861310 -0.0054099
0.4923265 -2.2872779 -0.0054166
0.4927798 -2.2860060 -0.0054194
0.4933429 -2.2861879 -0.0054083
0.4934875 -2.2861301 -0.0054067
0.4922640 -2.2857116 -0.0054136
0.4935790 -2.2861072 -0.0054074
0.4930768 -2.2870708 -0.0054018
0.4933929 -2.2862208 -0.0054054
0.4933112 -2.2858959 -0.0054075
0.4931837 -2.2856766 -0.0054092
0.4925192 -2.2863055 -0.0054154
0.4926071 -2.2848554 -0.0054173
0.4929979 -2.2856656 -0.0054148
0.4922415 -2.2854476 -0.0054170
0.4918298 -2.2854037 -0.0054165
0.4913870 -2.2852361 -0.0054327
0.4920254 -2.2853842 -0.0054223
0.4913024 -2.2850894 -0.0054250
0.4925690 -2.2856626 -0.0054129
0.4928409 -2.2857138 -0.0054089
0.4923220 -2.2857025 -0.0054166
0.4922464 -2.2853139 -0.0054155
0.4927659 -2.2865510 -0.0054045
0.4929999 -2.2866499 -0.0054197
0.4932239 -2.2873937 -0.0053928
0.4934134 -2.2859263 -0.0054116
0.4931317 -2.2863655 -0.0054106
0.4919708 -2.2855968 -0.0054157
0.4930278 -2.2869682 -0.0053992
0.4930024 -2.2856797 -0.0054094
0.4931641 -2.2860868 -0.0054140
0.4932485 -2.2861222 -0.0054114
0.4930656 -2.2870425 -0.0053954
0.4934478 -2.2866254 -0.0054024
0.4933533 -2.2858444 -0.0054159
0.4923255 -2.2853772 -0.0054145
0.4932095 -2.2855650 -0.0054104
0.4922110 -2.2854811 -0.0054136
0.4925909 -2.2858642 -0.0054090
0.4929075 -2.2863198 -0.0054116
0.4932157 -2.2864651 -0.0054128
0.4928111 -2.2863554 -0.0054095
0.4926572 -2.2863318 -0.0054096
0.4920506 -2.2854744 -0.0054195
0.4920489 -2.2855103 -0.0054138
0.4933364 -2.2873912 -0.0053964
0.4931671 -2.2856797 -0.0054105
0.4933462 -2.2853897 -0.0054151
0.4926066 -2.2861566 -0.0054091
0.4932317 -2.2863335 -0.0054096
0.4920643 -2.2858834 -0.0054114
0.4919974 -2.2850450 -0.0054219
0.4933848 -2.2856008 -0.0054122
0.4932690 -2.2868908 -0.0053993
0.4933108 -2.2863924 -0.0054082
0.4921901 -2.2857808 -0.0054158
0.4933434 -2.2867584 -0.0054119
0.4932049 -2.2856850 -0.0054139
0.4920753 -2.2850849 -0.0054181
0.4930976 -2.2872210 -0.0053973
0.4930180 -2.2859483 -0.0054118
0.4932929 -2.2872603 -0.0054022
0.4926344 -2.2858685 -0.0054112
0.4930622 -2.2860634 -0.0054043
0.4918206 -2.2853999 -0.0054237
0.4926680 -2.2862753 -0.0054058
0.4928210 -2.2854470 -0.0054134
0.4934284 -2.2860131 -0.0054225
0.4930142 -2.2877847 -0.0053898
0.4929616 -2.2869224 -0.0054051
0.4931135 -2.2878413 -0.0053930
0.4932100 -2.2875054 -0.0054029
0.4916814 -2.2850894 -0.0054188
0.4928193 -2.2879703 -0.0053849
0.4919594 -2.2850900 -0.0054154
0.4935640 -2.2869009 -0.0054042
0.4928740 -2.2881654 -0.0053805
0.4930695 -2.2877408 -0.0053897
0.4927273 -2.2881907 -0.0053829
0.4930887 -2.2878946 -0.0054025
0.4929302 -2.2851079 -0.0054112
0.4914960 -2.2854828 -0.0054218
0.4929384 -2.2853949 -0.0054140
0.4914128 -2.2851019 -0.0054150
0.4928384 -2.2888013 -0.0053896
0.4920208 -2.2852997 -0.0054208
0.4921551 -2.2854518 -0.0054163
0.4926574 -2.2871543 -0.0054070
0.4917846 -2.2851138 -0.0054250
0.4913271 -2.2854917 -0.0054219
0.4927367 -2.2870797 -0.0054081
0.4921915 -2.2858683 -0.0054128
0.4921649 -2.2857541 -0.0054219
0.4922536 -2.2852391 -0.0054155
0.4920549 -2.2859265 -0.0054166
0.4924157 -2.2855388 -0.0054159
0.4921313 -2.2853372 -0.0054175
0.4929819 -2.2855930 -0.0054122
0.4922305 -2.2857588 -0.0054168
0.4929190 -2.2860450 -0.0054085
0.4924045 -2.2858816 -0.0054130
0.4929056 -2.2857642 -0.0054122
0.4931176 -2.2853175 -0.0054127
0.4928287 -2.2851178 -0.0054164
0.4932628 -2.2862330 -0.0054129
0.4926811 -2.2854196 -0.0054183
0.4923850 -2.2849012 -0.0054185
0.4934283 -2.2859336 -0.0054089
0.4924286 -2.2871573 -0.0054100
0.4926298 -2.2853794 -0.0054124
0.4917028 -2.2854445 -0.0054172
0.4934273 -2.2863058 -0.0054081
0.4926407 -2.2854570 -0.0054084
0.4928956 -2.2851741 -0.0054151
0.4933509 -2.2855600 -0.0054096
0.4931495 -2.2857430 -0.0054125
0.4927352 -2.2867440 -0.0054116
0.4927907 -2.2868287 -0.0054103
0.4928865 -2.2856181 -0.0054156
0.4925384 -2.2855225 -0.0054135
0.4932105 -2.2859914 -0.0054118
0.4926705 -2.2865837 -0.0054107
0.4917656 -2.2857585 -0.0054141
0.4932461 -2.2852649 -0.0054121
0.4929172 -2.2856550 -0.0054073
0.4924287 -2.2853383 -0.0054102
0.4929419 -2.2860743 -0.0054117
0.4936304 -2.2863544 -0.0054067
0.4933711 -2.2851756 -0.0054120
0.4933095 -2.2854409 -0.0054074
0.4928591 -2.2857307 -0.0054089
0.4930887 -2.2863451 -0.0054080
0.4933862 -2.2862498 -0.0054132
0.4931457 -2.2873053 -0.0054014
0.4935657 -2.2859314 -0.0054050
0.4929619 -2.2859879 -0.0054133
0.4931099 -2.2863815 -0.0054122
0.4936005 -2.2867751 -0.0054066
0.4926234 -2.2853785 -0.0054152
0.4927002 -2.2855339 -0.0054169
0.4924825 -2.2858392 -0.0054150
0.4935583 -2.2868500 -0.0054055
0.4913667 -2.2855782 -0.0054197
0.4930363 -2.2867556 -0.0054119
0.4917404 -2.2858708 -0.0054156
0.4933811 -2.2857077 -0.0054077
0.4932940 -2.2852105 -0.0054108
0.4936717 -2.2868072 -0.0054040
0.4934536 -2.2871410 -0.0054036
0.4924317 -2.2856486 -0.0054080
0.4926567 -2.2856361 -0.0054098
0.4930957 -2.2860620 -0.0054063
0.4935351 -2.2857814 -0.0054160
0.4930000 -2.2869892 -0.0054053
0.4928418 -2.2861337 -0.0054105
0.4935491 -2.2858797 -0.0054056
0.4935808 -2.2863321 -0.0054070
0.4930542 -2.2851251 -0.0054082
0.4931898 -2.2866341 -0.0054126
0.4926963 -2.2861713 -0.0054073
0.4934786 -2.2868042 -0.0054067
0.4931672 -2.2859172 -0.0054102
0.4936255 -2.2865199 -0.0054075
0.4918757 -2.2854021 -0.0054168
0.4930510 -2.2863372 -0.0054082
0.4934116 -2.2872315 -0.0054015
0.4929098 -2.2857287 -0.0054103
0.4933939 -2.2862492 -0.0054066
0.4936007 -2.2869886 -0.0054068
0.4929706 -2.2867555 -0.0054098
0.4935704 -2.2866323 -0.0054082
0.4932947 -2.2860852 -0.0054072
0.4933988 -2.2851147 -0.0054076
0.4932541 -2.2861121 -0.0054111
0.4932717 -2.2854723 -0.0054133
0.4929296 -2.2865310 -0.0054065
0.4935247 -2.2870390 -0.0054061
0.4916487 -2.2855895 -0.0054160
0.4937035 -2.2869990 -0.0054042
0.4928759 -2.2857473 -0.0054094
0.4924553 -2.2855712 -0.0054127
0.4936259 -2.2861803 -0.0054101
0.4915581 -2.2857252 -0.0054166
0.4936809 -2.2861843 -0.0054088
0.4920908 -2.2856035 -0.0054163
0.4934857 -2.2860118 -0.0054073
0.4935937 -2.2864926 -0.0054119
0.4925920 -2.2857561 -0.0054127
0.4935557 -2.2867541 -0.0054079
0.4933739 -2.2868841 -0.0054051
0.4929442 -2.2866778 -0.0054035
0.4934190 -2.2866898 -0.0054050
0.4929120 -2.2859551 -0.0054092
0.4928279 -2.2856867 -0.0054139
0.4920606 -2.2852378 -0.0054119
0.4934061 -2.2867157 -0.0054070
0.4929221 -2.2849429 -0.0054090
0.4934747 -2.2873047 -0.0054023
0.4934190 -2.2867923 -0.0054054
0.4935263 -2.2859510 -0.0054093
0.4936989 -2.2867833 -0.0054076
0.4932634 -2.2861739 -0.0054033
0.4923959 -2.2862954 -0.0054105
0.4920377 -2.2856449 -0.0054156
0.4934936 -2.2863905 -0.0054022
0.4926059 -2.2867497 -0.0054123
0.4923044 -2.2852508 -0.0054177
0.4928140 -2.2855918 -0.0054124
0.4937225 -2.2867191 -0.0054040
0.4925557 -2.2857570 -0.0054088
0.4916292 -2.2860119 -0.0054165
0.4929038 -2.2858551 -0.0054078
0.4927365 -2.2856143 -0.0054160
0.4933185 -2.2858931 -0.0054030
0.4936796 -2.2861237 -0.0054101
0.4929129 -2.2869065 -0.0054062
0.4936323 -2.2862528 -0.0054059
0.4925689 -2.2852941 -0.0054081
0.4933646 -2.2866413 -0.0054029
0.4931231 -2.2868043 -0.0054039
0.4931539 -2.2858353 -0.0054064
0.4936049 -2.2860666 -0.0054139
0.4932904 -2.2855712 -0.0054054
0.4934259 -2.2851587 -0.0054079
0.4911240 -2.2855615 -0.0054153
0.4929886 -2.2857384 -0.0054114
0.4930877 -2.2857597 -0.0054153
0.4931027 -2.2859087 -0.0054088
0.4920741 -2.2856583 -0.0054105
0.4936202 -2.2865869 -0.0054127
0.4926538 -2.2864668 -0.0054099
0.4929740 -2.2860658 -0.0054133
0.4934299 -2.2858076 -0.0054168
0.4934773 -2.2868793 -0.0054046
0.4932379 -2.2866895 -0.0054010
0.4931955 -2.2858718 -0.0054160
0.4935492 -2.2863088 -0.0054037
0.4931629 -2.2865397 -0.0054137
0.4935682 -2.2862077 -0.0054118
0.4935060 -2.2863114 -0.0054051
0.4932245 -2.2872554 -0.0054026
0.4931491 -2.2850730 -0.0054097
0.4936129 -2.2864553 -0.0054036
0.4923929 -2.2854415 -0.0054127
0.4923257 -2.2851543 -0.0054235
0.4936471 -2.2858676 -0.0054013
0.4932332 -2.2876574 -0.0053919
0.4935819 -2.2861557 -0.0054121
0.4932037 -2.2869572 -0.0054000
0.4929209 -2.2858060 -0.0054086
0.4932654 -2.2860826 -0.0054039
0.4928851 -2.2867165 -0.0054077
0.4934882 -2.2860410 -0.0054080
0.4921512 -2.2853693 -0.0054206
0.4929195 -2.2855199 -0.0054160
0.4930961 -2.2862196 -0.0054127
0.4927349 -2.2852554 -0.0054147
0.4922863 -2.2850421 -0.0054177
0.4934021 -2.2865306 -0.0054025
0.4923749 -2.2852079 -0.0054127
0.4936245 -2.2864246 -0.0054091
0.4913411 -2.2856037 -0.0054129
0.4933708 -2.2865499 -0.0054025
0.4931657 -2.2857065 -0.0054158
0.4925308 -2.2853641 -0.0054107
0.4926015 -2.2855289 -0.0054134
0.4931594 -2.2865631 -0.0054098
0.4928675 -2.2858229 -0.0054063
0.4926937 -2.2859379 -0.0054090
0.4935370 -2.2868007 -0.0054077
0.4933161 -2.2858211 -0.0054109
0.4934029 -2.2856635 -0.0054092
0.4932213 -2.2855359 -0.0054086
0.4936673 -2.2861264 -0.0054067
0.4936893 -2.2854726 -0.0054117
0.4921248 -2.2858258 -0.0054159
0.4925743 -2.2850788 -0.0054113
0.4914672 -2.2855259 -0.0054174
0.4934194 -2.2849015 -0.0054113
0.4934115 -2.2859017 -0.0054078
0.4934045 -2.2861011 -0.0054148
0.4932295 -2.2855551 -0.0054176
0.4931314 -2.2859400 -0.0054132
0.4932434 -2.2854860 -0.0054128
0.4930970 -2.2862371 -0.0054146
0.4916926 -2.2853961 -0.0054155
0.4933649 -2.2861770 -0.0054119
0.4934473 -2.2866094 -0.0054120
0.4932086 -2.2864036 -0.0054070
0.4930112 -2.2854767 -0.0054085
0.4935880 -2.2864019 -0.0054073
0.4924584 -2.2854028 -0.0054114
0.4931158 -2.2851791 -0.0054089
0.4935507 -2.2859312 -0.0054111
0.4934224 -2.2858916 -0.0054098
0.4933146 -2.2864325 -0.0054065
0.4927073 -2.2856130 -0.0054123
0.4934534 -2.2857077 -0.0054072
0.4937090 -2.2865752 -0.0054075
0.4931207 -2.2851382 -0.0054145
0.4927635 -2.2851526 -0.0054203
0.4930313 -2.2853446 -0.0054068
0.4935974 -2.2859455 -0.0054095
0.4927815 -2.2855380 -0.0054107
0.4922853 -2.2856102 -0.0054148
0.4923650 -2.2857957 -0.0054120
0.4936047 -2.2859400 -0.0054054
0.4928318 -2.2861066 -0.0054070
0.4939076 -2.2857497 -0.0054071
0.4926718 -2.2857092 -0.0054144
0.4937116 -2.2861541 -0.0054076
0.4933370 -2.2858398 -0.0054084
0.4936754 -2.2865700 -0.0054094
0.4935026 -2.2861130 -0.0054068
0.4927411 -2.2850048 -0.0054123
0.4926153 -2.2850364 -0.0054094
0.4925987 -2.2862091 -0.0054121
0.4936575 -2.2867025 -0.0054067
0.4934497 -2.2855654 -0.0054051
0.4929427 -2.2864008 -0.0054135
0.4931779 -2.2856501 -0.0054098
0.4915729 -2.2855482 -0.0054198
0.4931813 -2.2858839 -0.0054102
0.4921093 -2.2851965 -0.0054166
0.4917104 -2.2857637 -0.0054128
0.4938217 -2.2864133 -0.0054099
0.4936307 -2.2867725 -0.0054070
0.4935830 -2.2859461 -0.0054098
0.4933923 -2.2858520 -0.0054073
0.4936816 -2.2862613 -0.0054072
0.4936415 -2.2856714 -0.0054118
0.4920628 -2.2854829 -0.0054130
0.4933113 -2.2864885 -0.0054116
0.4932583 -2.2857671 -0.0054163
0.4934147 -2.2860958 -0.0054195
0.4934504 -2.2863892 -0.0054083
0.4913626 -2.2855216 -0.0054144
0.4936633 -2.2864556 -0.0054084
0.4932325 -2.2861069 -0.0054046
0.4929498 -2.2855061 -0.0054132
0.4935936 -2.2861019 -0.0054100
0.4916151 -2.2856072 -0.0054128
0.4930662 -2.2861404 -0.0054175
0.4928750 -2.2856864 -0.0054176
0.4936175 -2.2861185 -0.0054124
0.4932426 -2.2851356 -0.0054091
0.4927471 -2.2859102 -0.0054148
0.4923996 -2.2860750 -0.0054128
0.4933009 -2.2855103 -0.0054110
0.4923870 -2.2856693 -0.0054092
0.4934784 -2.2853026 -0.0054100
0.4935043 -2.2855819 -0.0054183
0.4937634 -2.2859845 -0.0054127
0.4916793 -2.2857566 -0.0054116
0.4936541 -2.2856462 -0.0054108
0.4930018 -2.2857345 -0.0054168
0.4931194 -2.2855249 -0.0054070
0.4931078 -2.2851060 -0.0054072
0.4923339 -2.2850690 -0.0054137
0.4925639 -2.2858408 -0.0054163
0.4924291 -2.2852106 -0.0054156
0.4911102 -2.2856516 -0.0054073
0.4927185 -2.2850995 -0.0054201
0.4920997 -2.2856599 -0.0054153
0.4929520 -2.2856515 -0.0054145
0.4924324 -2.2853830 -0.0054133
0.4924609 -2.2852920 -0.0054148
0.4935118 -2.2854598 -0.0054160
0.4911902 -2.2859370 -0.0054127
0.4916293 -2.2857400 -0.0054139
0.4926345 -2.2859507 -0.0054107
0.4910094 -2.2856874 -0.0054169
0.4926259 -2.2860412 -0.0054114
0.4921778 -2.2859437 -0.0054111
0.4923406 -2.2854691 -0.0054163
0.4913865 -2.2856248 -0.0054250
0.4919208 -2.2853768 -0.0054130
0.4920866 -2.2852035 -0.0054167
0.4918595 -2.2850096 -0.0054133
0.4923599 -2.2853009 -0.0054162
0.4910804 -2.2858586 -0.0054149
0.4922456 -2.2856349 -0.0054135
0.4921361 -2.2856716 -0.0054094
0.4911411 -2.2855919 -0.0054182
0.4915248 -2.2855131 -0.0054128
0.4925188 -2.2853556 -0.0054122
0.4914117 -2.2856160 -0.0054184
0.4921218 -2.2855499 -0.0054142
0.4924929 -2.2853917 -0.0054126
0.4907452 -2.2858743 -0.0054169
0.4912179 -2.2856451 -0.0054156
0.4920184 -2.2860064 -0.0054136
0.4933067 -2.2858028 -0.0054086
0.4908740 -2.2857147 -0.0054221
0.4921927 -2.2853657 -0.0054129
0.4923309 -2.2855935 -0.0054129
0.4917170 -2.2861127 -0.0054130
0.4913459 -2.2856885 -0.0054123
